Year,Make,Type,Model,ColorName,Color,ColorCode,Locale
1997,Audi,GROUP,All Models,White Pearl Tri-Coat,LOB9/D4,#F3F3CD,En-US
1997,Audi,GROUP,All Models,Brilliant Yellow,LY1B/F2,#FDFB3B,En-US
1997,Audi,GROUP,All Models,Bamboo Metallic,LY1Z/V6,#BAAD70,En-US
1997,Audi,GROUP,All Models,Tornado Red,LY3D/G2,#C21212,En-US
1997,Audi,GROUP,All Models,Laser Red,LY3H/H1,#D42F1F,En-US
1997,Audi,GROUP,All Models,Autumn Red Metallic,LY3Z/W1,#C15E43,En-US
1997,Audi,GROUP,All Models,Byanz Metallic,LY4N/Z3,#510E74,En-US
1997,Audi,GROUP,All Models,Pelican Blue Metallic,LY5T/Y4,#286A94,En-US
1997,Audi,GROUP,All Models,Tropic Green Metallic,LY6L/Y9,#20965D,En-US
1997,Audi,GROUP,All Models,Aqua Green Metallic,LY6M/Z7,#21B780,En-US
1997,Audi,GROUP,All Models,Aluminum Silver Metallic,LY7M/L5,#AFB7AD,En-US
1997,Audi,GROUP,All Models,Brilliant Black,LY9B/A2,#121D17,En-US
1997,Audi,GROUP,All Models,Casablanca White,LY9G/W3,#F2F1DC,En-US
1997,Audi,GROUP,All Models,Cashmere Pearl,LZ1T/Z9,#806254,En-US
1997,Audi,GROUP,All Models,Ruby Red Pearl,LZ3N/X6,#680C26,En-US
1997,Audi,GROUP,All Models,Amethyst Grey Pearl,LZ4V/B2,#6E7278,En-US
1997,Audi,GROUP,All Models,Ming Blue Pearl,LZ5L/Q5,#0A2B30,En-US
1997,Audi,GROUP,All Models,Pearl Effect Blue Pearl,LZ5T/Y3,#12628C,En-US
1997,Audi,GROUP,All Models,Cactus Green Pearl,LZ6L/E7,#0A6E22,En-US
1997,Audi,GROUP,All Models,Emerald Pearl,LZ6U/M6,#156341,En-US
1997,Audi,GROUP,All Models,Sable Brown Pearl Metallic,LZ8P/K3,#6F532F,En-US
1997,Audi,GROUP,All Models,Volcano Black Pearl,LZ9U/W9,#181B1B,En-US
1997,BMW,GROUP,3 Series,Calypso Red Pearl,252,#880E0E,En-US
1997,BMW,GROUP,3 Series,Dark Blue,263,#1B1D4B,En-US
1997,BMW,GROUP,3 Series,Boston Green Metallic,275,#0D4F20,En-US
1997,BMW,GROUP,3 Series,Avus Blue Pearl,276,#1D3979,En-US
1997,BMW,GROUP,3 Series,Morea Green Metallic,288,#50927A,En-US
1997,BMW,GROUP,3 Series,Samoa Blue Metallic,295,#727E96,En-US
1997,BMW,GROUP,3 Series,Montreal Blue Pearl,297,#0A1C56,En-US
1997,BMW,GROUP,3 Series,Techno Violet Pearl,299,#3C0D67,En-US
1997,BMW,GROUP,3 Series,Alpine White III,300,#EEF4DF,En-US
1997,BMW,GROUP,3 Series,Madeira Violet Pearl,302,#2C0957,En-US
1997,BMW,GROUP,3 Series,Cosmos Black Pearl Metallic,303,#1D0F2F,En-US
1997,BMW,GROUP,3 Series,Violet Black,304,#1D1D21,En-US
1997,BMW,GROUP,3 Series,Atlanta Blue Metallic,306,#3C808E,En-US
1997,BMW,GROUP,3 Series,Dark Green II,307,#092D03,En-US
1997,BMW,GROUP,3 Series,Arctic Silver Metallic,309,#9D9D93,En-US
1997,BMW,GROUP,3 Series,Bright Red,314,#C62216,En-US
1997,BMW,GROUP,3 Series,Estoril Blue Metallic,335,#2F539B,En-US
1997,BMW,GROUP,3 Series,Dakar Yellow II,337,#FAE23E,En-US
1997,BMW,GROUP,3 Series,Byzanz Metallic,355,#C67B3E,En-US
1997,BMW,GROUP,3 Series,Alaska Blue Metallic,367,#3B0B93,En-US
1997,BMW,GROUP,3 Series,Jet Black,668,#000000,En-US
1997,BMW,GROUP,5 Series,Calypso Red Pearl,252,#880E0E,En-US
1997,BMW,GROUP,5 Series,Dark Blue,263,#1B1D4B,En-US
1997,BMW,GROUP,5 Series,Montreal Blue Pearl,297,#0A1C56,En-US
1997,BMW,GROUP,5 Series,Alpine White III,300,#EEF4DF,En-US
1997,BMW,GROUP,5 Series,Cashmere Beige Metallic,301,#BAAD84,En-US
1997,BMW,GROUP,5 Series,Cosmos Black Pearl Metallic,303,#1D0F2F,En-US
1997,BMW,GROUP,5 Series,Violet Black,304,#1D1D21,En-US
1997,BMW,GROUP,5 Series,Arctic Silver Metallic,309,#9D9D93,En-US
1997,BMW,GROUP,5 Series,Fjord Grey Pearl,310,#514F55,En-US
1997,BMW,GROUP,5 Series,Oxford Green Pearl Metallic,324,#1C440E,En-US
1997,BMW,GROUP,5 Series,Glacier Green Metallic,334,#94A292,En-US
1997,BMW,GROUP,5 Series,Aspen Silver Metallic,339,#AAA2A8,En-US
1997,BMW,GROUP,5 Series,Canyon Red Metallic,343,#65201D,En-US
1997,BMW,GROUP,5 Series,Aubergine,348,#261A1D,En-US
1997,BMW,GROUP,5 Series,Jet Black,668,#000000,En-US
1997,BMW,GROUP,7 Series,Calypso Red Pearl,252,#880E0E,En-US
1997,BMW,GROUP,7 Series,Alpine White III,300,#EEF4DF,En-US
1997,BMW,GROUP,7 Series,Cashmere Beige Metallic,301,#BAAD84,En-US
1997,BMW,GROUP,7 Series,Cosmos Black Pearl Metallic,303,#1D0F2F,En-US
1997,BMW,GROUP,7 Series,Violet Black,304,#1D1D21,En-US
1997,BMW,GROUP,7 Series,Arctic Silver Metallic,309,#9D9D93,En-US
1997,BMW,GROUP,7 Series,Fjord Grey Pearl,310,#514F55,En-US
1997,BMW,GROUP,7 Series,Orient Blue Metallic,317,#19184E,En-US
1997,BMW,GROUP,7 Series,Oxford Green Pearl Metallic,324,#1C440E,En-US
1997,BMW,GROUP,7 Series,Mojave Brown Metallic,331,#846B3C,En-US
1997,BMW,GROUP,7 Series,Aspen Silver Metallic,339,#AAA2A8,En-US
1997,BMW,GROUP,7 Series,Canyon Red Metallic,343,#65201D,En-US
1997,BMW,GROUP,7 Series,Navarra Violet Metallic,346,#654D5F,En-US
1997,BMW,GROUP,7 Series,Ascot Green Metallic,353,#087A58,En-US
1997,BMW,GROUP,7 Series,Vermont Green Metallic,356,#0A7428,En-US
1997,BMW,GROUP,7 Series,Sorrent Blue Metallic,360,#232E43,En-US
1997,BMW,GROUP,7 Series,Biarritz Blue Metallic,363,#244772,En-US
1997,BMW,GROUP,7 Series,Romantic Red,369,#F31515,En-US
1997,BMW,GROUP,7 Series,Jet Black,668,#000000,En-US
1997,BMW,GROUP,8 Series,Calypso Red Pearl,252,#880E0E,En-US
1997,BMW,GROUP,8 Series,Alpine White III,300,#EEF4DF,En-US
1997,BMW,GROUP,8 Series,Cosmos Black Pearl Metallic,303,#1D0F2F,En-US
1997,BMW,GROUP,8 Series,Violet Black,304,#1D1D21,En-US
1997,BMW,GROUP,8 Series,Arctic Silver Metallic,309,#9D9D93,En-US
1997,BMW,GROUP,8 Series,Fjord Grey Pearl,310,#514F55,En-US
1997,BMW,GROUP,8 Series,Bright Red,314,#C62216,En-US
1997,BMW,GROUP,8 Series,Orient Blue Metallic,317,#19184E,En-US
1997,BMW,GROUP,8 Series,Oxford Green Pearl Metallic,324,#1C440E,En-US
1997,BMW,GROUP,8 Series,Canyon Red Metallic,343,#65201D,En-US
1997,BMW,GROUP,8 Series,Jet Black,668,#000000,En-US
1997,Chevrolet,GROUP,Express,Silvermist Metallic,17/WA301D,#CECAAA,En-US
1997,Chevrolet,GROUP,Express,Aubergine Metallic,18/WA325D,#A28489,En-US
1997,Chevrolet,GROUP,Express,Medium Adriatic Blue Metallic,30/WA9907,#5F769B,En-US
1997,Chevrolet,GROUP,Express,Black,41/ WA8555,#121713,En-US
1997,Chevrolet,GROUP,Express,Emerald Green Metallic,43/WA177B,#178739,En-US
1997,Chevrolet,GROUP,Express,White,50/WA8624,#EFEFE9,En-US
1997,Chevrolet,GROUP,Express,Dark Toreador Red Metallic,51/WA257C,#6A0417,En-US
1997,Chevrolet,GROUP,Express,Light Autumnwood Metallic,55/WA228A,#B5A78D,En-US
1997,Chevrolet,GROUP,Express,Medium Suede Metallic,58/WA106D,#75553D,En-US
1997,Chevrolet,GROUP,Express,Madrid Red Metallic,71/WA341D,#7A1B1D,En-US
1997,Ferrari,GROUP,All Models,White,100,#FFFFF1,En-US
1997,Ferrari,GROUP,All Models,Argento Metallic,101,#E7E5DD,En-US
1997,Ferrari,GROUP,All Models,Giallo Fly Yellow,102,#FAEB00,En-US
1997,Ferrari,GROUP,All Models,Rosso Corsa,300/12,#FF0000,En-US
1997,Ferrari,GROUP,All Models,Red Metallic,311,#B42A44,En-US
1997,Ferrari,GROUP,All Models,Blue Chiaro Metallic,503,#2121A5,En-US
1997,Ferrari,GROUP,All Models,Blue Scuro Pearl,510,#5F718D,En-US
1997,Ferrari,GROUP,All Models,Blue Swaters Metallic,513,#C1DDF5,En-US
1997,Ferrari,GROUP,All Models,Azzurro Ferrari Metallic,515,#639CEF,En-US
1997,Ferrari,GROUP,All Models,Azzurro Hyperion Metallic,517,#639CEF,En-US
1997,Ferrari,GROUP,All Models,Verde Inglese,606,#2A4034,En-US
1997,Ferrari,GROUP,All Models,Verde Silverst Metallic,607,#AABAB2,En-US
1997,Ferrari,GROUP,All Models,Verde Mugello Metallic,608,#006300,En-US
1997,Ferrari,GROUP,All Models,Canna di Fucile Metallic,703,#3D4249,En-US
1997,Ferrari,GROUP,All Models,Grigio Titanio Metallic,704,#92999E,En-US
1997,Ferrari,GROUP,All Models,Nero Metallic,901,#000000,En-US
1997,Ford,GROUP,Econoline,Light Saddle Metallic,DZ/M6754,#CDAB71,En-US
1997,Ford,GROUP,Econoline,Toreador Red Pearl Metallic,FL/M6758,#901414,En-US
1997,Ford,GROUP,Econoline,Thistle Pearl,JS/M6761,#4C1446,En-US
1997,Ford,GROUP,Econoline,Medium Wedgewood Metallic,LD/M6763,#526382,En-US
1997,Ford,GROUP,Econoline,Medium Willow Metallic,SH/M6715,#4A7C6D,En-US
1997,Ford,GROUP,Econoline,Portofino Metallic,XC/M6623,#6E7390,En-US
1997,Ford,GROUP,Econoline,Black,YC/M1724,#0D1315,En-US
1997,Ford,GROUP,Econoline,Silver Metallic,YN/M6505,#ACB3A6,En-US
1997,Ford,GROUP,Econoline,Oxford White,YO/M5920,#F2FDEE,En-US
1997,Ford,GROUP,Econoline,White,YY/M6210,#F7FAE2,En-US
1997,Ford,GROUP,Expedition,Light Prairie Tan Metallic,BA/M6818,#CABF82,En-US
1997,Ford,GROUP,Expedition,Chrome Yellow,BZ/N6675,#FFE025,En-US
1997,Ford,GROUP,Expedition,Cayman  Metallic,DA/M6487,#0D645C,En-US
1997,Ford,GROUP,Expedition,Vermillion,E4/M6470,#B81F1D,En-US
1997,Ford,GROUP,Expedition,Laser Red Pearl Metallic Tri-coat,E9/M6688,#89161C,En-US
1997,Ford,GROUP,Expedition,Toreador Red Pearl Metallic,FL/M6758,#901414,En-US
1997,Ford,GROUP,Expedition,Deep Iris Metallic,GP/M6709,#891539,En-US
1997,Ford,GROUP,Expedition,Ivory Pearl Metallic Tri-coat,HA/M6718,#E2DEC5,En-US
1997,Ford,GROUP,Expedition,Bright Sapphire Metallic,JA/M6704,#5F16CC,En-US
1997,Ford,GROUP,Expedition,Desert Violet Pearl,JC/M6759,#77313D,En-US
1997,Ford,GROUP,Expedition,Royal Blue Metallic,KM/M6479,#052A87,En-US
1997,Ford,GROUP,Expedition,Dark Lapis Metallic,KN/M6681,#152847,En-US
1997,Ford,GROUP,Expedition,Deep Jewel Green Metallic,PA/M6414,#065033,En-US
1997,Ford,GROUP,Expedition,Medium Platinum Metallic,RC/M6454,#6C6C6C,En-US
1997,Ford,GROUP,Expedition,Medium Willow Metallic,SH/M6715,#4A7C6D,En-US
1997,Ford,GROUP,Expedition,Light Willow Metallic,SL/M6708,#A5B1AA,En-US
1997,Ford,GROUP,Expedition,Medium Graphite Metallic,TR/M6712,#958583,En-US
1997,Ford,GROUP,Expedition,Black Ebony,UA/M6373,#0D2212,En-US
1997,Ford,GROUP,Expedition,Portofino Metallic,XC/M6623,#6E7390,En-US
1997,Ford,GROUP,Expedition,Silver Metallic,YN/M6505,#ACB3A6,En-US
1997,Ford,GROUP,Expedition,Oxford White,YZ/M6466,#EDF5EC,En-US
1997,Ford,GROUP,Explorer,Light Prairie Tan Metallic,BA/M6818,#CABF82,En-US
1997,Ford,GROUP,Explorer,Chrome Yellow,BZ/N6675,#FFE025,En-US
1997,Ford,GROUP,Explorer,Cayman  Metallic,DA/M6487,#0D645C,En-US
1997,Ford,GROUP,Explorer,Vermillion,E4/M6470,#B81F1D,En-US
1997,Ford,GROUP,Explorer,Laser Red Pearl Metallic Tri-coat,E9/M6688,#89161C,En-US
1997,Ford,GROUP,Explorer,Toreador Red Pearl Metallic,FL/M6758,#901414,En-US
1997,Ford,GROUP,Explorer,Deep Iris Metallic,GP/M6709,#891539,En-US
1997,Ford,GROUP,Explorer,Ivory Pearl Metallic Tri-coat,HA/M6718,#E2DEC5,En-US
1997,Ford,GROUP,Explorer,Bright Sapphire Metallic,JA/M6704,#5F16CC,En-US
1997,Ford,GROUP,Explorer,Desert Violet Pearl,JC/M6759,#77313D,En-US
1997,Ford,GROUP,Explorer,Royal Blue Metallic,KM/M6479,#052A87,En-US
1997,Ford,GROUP,Explorer,Dark Lapis Metallic,KN/M6681,#152847,En-US
1997,Ford,GROUP,Explorer,Deep Jewel Green Metallic,PA/M6414,#065033,En-US
1997,Ford,GROUP,Explorer,Medium Platinum Metallic,RC/M6454,#6C6C6C,En-US
1997,Ford,GROUP,Explorer,Medium Willow Metallic,SH/M6715,#4A7C6D,En-US
1997,Ford,GROUP,Explorer,Light Willow Metallic,SL/M6708,#A5B1AA,En-US
1997,Ford,GROUP,Explorer,Medium Graphite Metallic,TR/M6712,#958583,En-US
1997,Ford,GROUP,Explorer,Black Ebony,UA/M6373,#0D2212,En-US
1997,Ford,GROUP,Explorer,Portofino Metallic,XC/M6623,#6E7390,En-US
1997,Ford,GROUP,Explorer,Silver Metallic,YN/M6505,#ACB3A6,En-US
1997,Ford,GROUP,Explorer,Oxford White,YZ/M6466,#EDF5EC,En-US
1997,Ford,GROUP,F-Series,Light Prairie Tan Metallic,BA/M6818,#CABF82,En-US
1997,Ford,GROUP,F-Series,Light Saddle Metallic,DY/M6803,#CDAB71,En-US
1997,Ford,GROUP,F-Series,Light Saddle Metallic,DZ/M6754,#CDAB71,En-US
1997,Ford,GROUP,F-Series,Vermillion,E4/M6470,#B81F1D,En-US
1997,Ford,GROUP,F-Series,Laser Red Pearl Metallic Tri-coat,E9/M6688,#89161C,En-US
1997,Ford,GROUP,F-Series,Vermillion,F1/M6886,#A31F13,En-US
1997,Ford,GROUP,F-Series,Vermont Green Metallic,F7/M6817,#759D7E,En-US
1997,Ford,GROUP,F-Series,Toreador Red Pri Metallic,FN/M6800,#901414,En-US
1997,Ford,GROUP,F-Series,Dark Toreador Red Pearl,JL/M6771,#7D2219,En-US
1997,Ford,GROUP,F-Series,Medium Mocha (Interior),K/M4213,#B39386,En-US
1997,Ford,GROUP,F-Series,Medium Lapis Metallic,KG/M6562,#2A546C,En-US
1997,Ford,GROUP,F-Series,Royal Blue Metallic,KM/M6479,#052A87,En-US
1997,Ford,GROUP,F-Series,Indigo Blue Metallic,KU/M6802,#8DA5BB,En-US
1997,Ford,GROUP,F-Series,Royal Blue Metallic,LE/M6799,#132373,En-US
1997,Ford,GROUP,F-Series,Dark Tourmaline Metallic,NB/M6797,#0B6869,En-US
1997,Ford,GROUP,F-Series,Pacific Green Metallic,PS/M6764,#0F7358,En-US
1997,Ford,GROUP,F-Series,Calypso Green Metallic,PT/M6801,#56A091,En-US
1997,Ford,GROUP,F-Series,Medium Platinum Metallic,RC/M6454,#6C6C6C,En-US
1997,Ford,GROUP,F-Series,Teal Metallic,RD/M6630,#2A9C85,En-US
1997,Ford,GROUP,F-Series,Silver Frost Metallic,TS/M6720,#B9B9A7,En-US
1997,Ford,GROUP,F-Series,Black Ebony,UA/M6373,#0D2212,En-US
1997,Ford,GROUP,F-Series,Ebony,UD/M6877,#0D1910,En-US
1997,Ford,GROUP,F-Series,Light Opal Metallic,WO/M6796,#B0AFB5,En-US
1997,Ford,GROUP,F-Series,Portofino Metallic,XC/M6623,#6E7390,En-US
1997,Ford,GROUP,F-Series,Oxford White,YZ/M6466,#EDF5EC,En-US
1997,Ford,GROUP,F-Series,Oxford White  (B9791),Z1/M6887,#E9F6ED,En-US
1997,Ford,GROUP,F-Series,Colonial White,ZT/M6888,#F5F4CF,En-US
1997,Ford,GROUP,Taurus,Light Saddle Metallic,DZ/M6754,#CDAB71,En-US
1997,Ford,GROUP,Taurus,Toreador Red Pearl Metallic,FL/M6758,#901414,En-US
1997,Ford,GROUP,Taurus,Light Denim Blue Metallic,K1/M6815,#90A4B8,En-US
1997,Ford,GROUP,Taurus,Royal Blue Metallic,KM/M6479,#052A87,En-US
1997,Ford,GROUP,Taurus,Pacific Green Metallic,PS/M6764,#0F7358,En-US
1997,Ford,GROUP,Taurus,Medium Willow Metallic,SH/M6715,#4A7C6D,En-US
1997,Ford,GROUP,Taurus,Silver Frost Metallic,TS/M6720,#B9B9A7,En-US
1997,Ford,GROUP,Taurus,Ebony Satin Metallic,UC/M6816,#15120C,En-US
1997,Ford,GROUP,Taurus,Performance White,WT/M6640,#F7F7DB,En-US
1997,GMC,GROUP,Savana,Silvermist Metallic,17/WA301D,#CECAAA,En-US
1997,GMC,GROUP,Savana,Aubergine Metallic,18/WA325D,#A28489,En-US
1997,GMC,GROUP,Savana,Medium Adriatic Blue Metallic,30/WA9907,#5F769B,En-US
1997,GMC,GROUP,Savana,Black,41/ WA8555,#121713,En-US
1997,GMC,GROUP,Savana,Emerald Green Metallic,43/WA177B,#178739,En-US
1997,GMC,GROUP,Savana,White,50/WA8624,#EFEFE9,En-US
1997,GMC,GROUP,Savana,Dark Toreador Red Metallic,51/WA257C,#6A0417,En-US
1997,GMC,GROUP,Savana,Light Autumnwood Metallic,55/WA228A,#B5A78D,En-US
1997,GMC,GROUP,Savana,Medium Suede Metallic,58/WA106D,#75553D,En-US
1997,GMC,GROUP,Savana,Madrid Red Metallic,71/WA341D,#7A1B1D,En-US
1997,GMC,GROUP,Yukon,Aubergine Metallic,18/WA325D,#A28489,En-US
1997,GMC,GROUP,Yukon,Opal Blue Metallic,24/WA305D,#718997,En-US
1997,GMC,GROUP,Yukon,Indigo Metallic,39/WA9792,#0B536D,En-US
1997,GMC,GROUP,Yukon,Black,41/ WA8555,#121713,En-US
1997,GMC,GROUP,Yukon,Emerald Green Metallic,43/WA177B,#178739,En-US
1997,GMC,GROUP,Yukon,White,50/WA8624,#EFEFE9,En-US
1997,GMC,GROUP,Yukon,Red Maple Metallic,59/WA225C,#BB4845,En-US
1997,GMC,GROUP,Yukon,Smokey Carmel Metallic,65/WA333D,#8A5C36,En-US
1997,GMC,GROUP,Yukon,Red,74/WA9260,#A51814,En-US
1997,GMC,GROUP,Yukon,Dark Cherry Metallic,77/WA9800,#6B2551,En-US
1997,GMC,GROUP,Yukon,Medium Dark Pewter (Interior Color),92/WA110D,#8B816F,En-US
1997,GMC,GROUP,Yukon,Silver Metallic,96/WA8867,#ABB6B5,En-US
1997,Honda,GROUP,Accord,Cyclone (Grayish) Blue Metallic,B-73M,#09888D,En-US
1997,Honda,GROUP,Accord,Mystic (Teal) Blue Pearl,B-80P,#105564,En-US
1997,Honda,GROUP,Accord,Sherwood Green Pearl,G-78P,#0A1914,En-US
1997,Honda,GROUP,Accord,Cypress Green Pearl,G-82P,#165024,En-US
1997,Honda,GROUP,Accord,Eucalyptus Green Pearl,G-83P,#50665D,En-US
1997,Honda,GROUP,Accord,Dark Emerald Pearl,G-87P,#0A5C1F,En-US
1997,Honda,GROUP,Accord,Frost White,NH-538,#F5F5F1,En-US
1997,Honda,GROUP,Accord,Flamenco Black Pri Metallic,NH-592P,#000000,En-US
1997,Honda,GROUP,Accord,Champion White,NHO,#FFFFFF,En-US
1997,Honda,GROUP,Accord,Bordeaux Red Pearl,R-78P,#922020,En-US
1997,Honda,GROUP,Accord,Milano Red,R-81,#9B1806,En-US
1997,Honda,GROUP,Accord,San Marino Red,R-94,#741210,En-US
1997,Honda,GROUP,Accord,Black (Dark) Currant Pearl,RP-25P,#451046,En-US
1997,Honda,GROUP,Accord,Heather Mist  Metallic,YR-508M,#C3C3A5,En-US
1997,HUMMER,GROUP,All Models,Semi Gloss Black (9988),B2,#101012,En-US
1997,HUMMER,GROUP,All Models,Black (9000),B9,#101012,En-US
1997,HUMMER,GROUP,All Models,Green Metallic  (47945),G10,#376D48,En-US
1997,HUMMER,GROUP,All Models,Bright Burgandy Metallic  (52164),P17,#7E4A42,En-US
1997,HUMMER,GROUP,All Models,Poppy Red (74575),R7,#AE3926,En-US
1997,HUMMER,GROUP,All Models,Silver Metallic  (36190),S15,#C4C7D0,En-US
1997,HUMMER,GROUP,All Models,Bright White (91493),W14,#FBFCFF,En-US
1997,HUMMER,GROUP,All Models,Whimbleton White (91494),W8,#FBFEEC,En-US
1997,HUMMER,GROUP,All Models,Fly Yellow (82741),Y18,#E2DE96,En-US
1997,Hyundai,GROUP,Elantra,Ebony Black,EB,#0A0A0A,En-US
1997,Hyundai,GROUP,Elantra,Savannah Pearl,FS,#1F6721,En-US
1997,Hyundai,GROUP,Elantra,Lima Blue Pearl,LA,#0C1C40,En-US
1997,Hyundai,GROUP,Elantra,Noble White,NW,#F5FEF1,En-US
1997,Hyundai,GROUP,Elantra,Sandalwood Metallic,OU,#D2CFAA,En-US
1997,Hyundai,GROUP,Elantra,Olive Green Metallic,XE,#128412,En-US
1997,Hyundai,GROUP,Elantra,Poppy,XM,#DB3B22,En-US
1997,Hyundai,GROUP,Elantra,Cape Blue Metallic,YV,#17606B,En-US
1997,Hyundai,GROUP,Elantra,Rio Tomato Pearl,ZC,#AA1C1C,En-US
1997,Jaguar,GROUP,All Models,Seafrost Pearl,1860/MDV,#ABBDB6,En-US
1997,Jaguar,GROUP,All Models,Carmen Red,3097,#6F1917,En-US
1997,Jaguar,GROUP,All Models,Westminster Blue,712/JFG,#24446C,En-US
1997,Jaguar,GROUP,All Models,Spindrif White,732/NDM,#F7FCFB,En-US
1997,Jaguar,GROUP,All Models,Jade Green Pearl,735/HEV,#9BBB9B,En-US
1997,Jaguar,GROUP,All Models,Brooklands Green,753/HFB,#094917,En-US
1997,Jaguar,GROUP,All Models,Morocco Red Pearl,778/CFG,#881A12,En-US
1997,Jaguar,GROUP,All Models,Sapphire Metallic,806/JGE,#192F65,En-US
1997,Jaguar,GROUP,All Models,Sage,806474,#6F7727,En-US
1997,Jaguar,GROUP,All Models,Black,807/PDT,#0B1B02,En-US
1997,Jaguar,GROUP,All Models,Titanium Pearl,810/LFA,#BCB7B2,En-US
1997,Jaguar,GROUP,All Models,Carnival Red Pearl,811/CFS,#A50D2A,En-US
1997,Jaguar,GROUP,All Models,Cabernet Pearl,819/CGE,#800000,En-US
1997,Jaguar,GROUP,All Models,Topaz Pearl Metallic,820/SDN,#D1C9AF,En-US
1997,Jaguar,GROUP,All Models,Ice Blue Pearl Metallic,821/MDP,#C5CFCD,En-US
1997,Jaguar,GROUP,All Models,Nautilus Pearl,824/PDV,#1F4877,En-US
1997,Jaguar,GROUP,All Models,Sherwood Green Metallic,835/HFR,#114F11,En-US
1997,Jaguar,GROUP,All Models,Aquamarine Metallic,839/JGY,#1C703C,En-US
1997,Jaguar,GROUP,All Models,Antigue Metallic,840/JGZ,#234A7B,En-US
1997,Jaguar,GROUP,All Models,Anthracite Metallic,859/PDX,#391B0B,En-US
1997,Jaguar,GROUP,All Models,Steel Grey III Metallic,897/LGF,#655B5B,En-US
1997,Jeep,GROUP,All Models,Lapis Blue,C4/RC4,#2E4398,En-US
1997,Jeep,GROUP,All Models,Dark Montego Blue Pearl,CJ/PCJ,#151E71,En-US
1997,Jeep,GROUP,All Models,Deep Amethyst Pearl,CN/TCN,#170535,En-US
1997,Jeep,GROUP,All Models,Dark Rosewood Pearl,EG/REG,#470F0F,En-US
1997,Jeep,GROUP,All Models,Driftwood S/G Pearl Metallic,FA/MFA,#9E9C92,En-US
1997,Jeep,GROUP,All Models,Forest Green  Pearl,G8/SG8,#095D25,En-US
1997,Jeep,GROUP,All Models,Emerald Green Pearl,GF/PGF,#07553E,En-US
1997,Jeep,GROUP,All Models,Magenta,H1/SH1,#9D1F6F,En-US
1997,Jeep,GROUP,All Models,Black (Hard top color),HCX,#000000,En-US
1997,Jeep,GROUP,All Models,Chargold 2 S/G Pearl,J7/RJ7,#7C693A,En-US
1997,Jeep,GROUP,All Models,Moss Green Pearl,JN/RJN,#45634B,En-US
1997,Jeep,GROUP,All Models,Citron Metallic,JV/SJV,#9E813A,En-US
1997,Jeep,GROUP,All Models,Spice (matt)-Jeep Hard Top,LTB,#B48946,En-US
1997,Jeep,GROUP,All Models,Gunmetal Metallic,Q7/TQ7,#789691,En-US
1997,Jeep,GROUP,All Models,Bright Jade Pearl,QP/SQP,#088E63,En-US
1997,Jeep,GROUP,All Models,Flame Red,R4/PR4,#A7192F,En-US
1997,Jeep,GROUP,All Models,Brite Platinum Metallic,S4/MS4,#A2A09C,En-US
1997,Jeep,GROUP,All Models,Stone White (Hard top color),SW1,#F4FFE5,En-US
1997,Jeep,GROUP,All Models,Light Brown (Interior SEM SC4976),T6,#D1A341,En-US
1997,Jeep,GROUP,All Models,Stone White,W1/SW1,#F8FEE9,En-US
1997,Jeep,GROUP,All Models,Opal S/G Pearl,W4/SW4,#B4B4B4,En-US
1997,Jeep,GROUP,All Models,Bright White,W7/GW7,#FCFFFB,En-US
1997,Jeep,GROUP,All Models,Black Crystal,X8/DX8,#0A1112,En-US
1997,Lamborghini,GROUP,All Models,Mauve Thirty Metallic,210.113,#717662,En-US
1997,Lamborghini,GROUP,All Models,Deep Black Metallic,210.5,#000000,En-US
1997,Lamborghini,GROUP,All Models,Titanio Metallic,210.6,#7A7272,En-US
1997,Lamborghini,GROUP,All Models,Ballon White Pearl Tricoat,224.009,#FFFFF1,En-US
1997,Lamborghini,GROUP,All Models,Agate Grey Metallic,224.421,#818283,En-US
1997,Lamborghini,GROUP,All Models,Silver Mist Metallic,224.422,#9BAAB5,En-US
1997,Lamborghini,GROUP,All Models,Light Topaz Metallic,224.423,#C1B587,En-US
1997,Lamborghini,GROUP,All Models,Cosmos Blue Metallic,224.909,#7E899A,En-US
1997,Lamborghini,GROUP,All Models,Midnight Blue Metallic,224.91,#363850,En-US
1997,Lamborghini,GROUP,All Models,Impact White,231.023,#FFFFFF,En-US
1997,Lamborghini,GROUP,All Models,Rosso Diablo,231.136,#CF1D05,En-US
1997,Lamborghini,GROUP,All Models,Super Fly Yellow,231.233,#E2E416,En-US
1997,Lamborghini,GROUP,All Models,Arancio Sole,231.24,#C4502B,En-US
1997,Lamborghini,GROUP,All Models,Deep Black,231.524,#000000,En-US
1997,Lamborghini,GROUP,All Models,Aran. California Metallic,954.164,#799060,En-US
1997,Land Rover,GROUP,All Models,Yellow,LRC/361,#FFDE01,En-US
1997,Land Rover,GROUP,All Models,Portofino Red,LRC390/CUF,#901A0E,En-US
1997,Land Rover,GROUP,All Models,Beluga Black,LRC416/PUE,#000000,En-US
1997,Land Rover,GROUP,All Models,Aries,LRC424/JUH,#233642,En-US
1997,Land Rover,GROUP,All Models,Alpine White,LRC456/NUC,#FBFDE4,En-US
1997,Land Rover,GROUP,All Models,Caprice Teal Pearl,LRC533/UMQ,#1F775F,En-US
1997,Land Rover,GROUP,All Models,AA Yellow,LRC559/FMB,#FFDE07,En-US
1997,Land Rover,GROUP,All Models,Attai Silver Metallic,LRC567/MUM,#B4B0B0,En-US
1997,Land Rover,GROUP,All Models,Brooklands Green,LRC569/HYF,#0D290B,En-US
1997,Land Rover,GROUP,All Models,Coniston Green,LRC570/HYE,#295929,En-US
1997,Land Rover,GROUP,All Models,Niagara Metallic,LRC574/LVD,#353131,En-US
1997,Land Rover,GROUP,All Models,Avalon Blue Pearl,LRC575/JUV,#1A2E2E,En-US
1997,Land Rover,GROUP,All Models,Blue Metallic,LRC588,#0D2D97,En-US
1997,Land Rover,GROUP,All Models,Monza Red,LRC590/CCZ,#FB2525,En-US
1997,Land Rover,GROUP,All Models,Rioja Red Metallic,LRC601/CAQ,#A01C1C,En-US
1997,Land Rover,GROUP,All Models,Charleston Green Metallic,LRC610/HET,#95B7AD,En-US
1997,Land Rover,GROUP,All Models,British Racing Green Metallic,LRC617/HNA,#106438,En-US
1997,Land Rover,GROUP,All Models,Epsom Green Metallic,LRC961/HAF,#30702E,En-US
1997,Land Rover,GROUP,All Models,Biarritz Blue Pearl,LRC965/JRT,#070A8F,En-US
1997,Land Rover,GROUP,All Models,Willow Green Pearl,LRC970/HOR,#868804,En-US
1997,Lexus,GROUP,SC300/400,Diamond White Pearl Tri-coat,51,#FAFCEE,En-US
1997,Lexus,GROUP,SC300/400,Bluish Silver Metallic,1A0,#B3B5BB,En-US
1997,Lexus,GROUP,SC300/400,Black Onyx,202,#0A1A10,En-US
1997,Lexus,GROUP,SC300/400,Light Grayish Rose Pearl,3K7,#CCB8A2,En-US
1997,Lexus,GROUP,SC300/400,Super Red,3L2,#991F19,En-US
1997,Lexus,GROUP,SC300/400,Wine Red Pearl,3L4,#800000,En-US
1997,Lexus,GROUP,SC300/400,Dark Green Pearl Metallic,6P2,#055B3E,En-US
1997,Lexus,GROUP,SC300/400,Blue Pearl Metallic,8L5,#3B4281,En-US
1997,Lincoln,GROUP,All Other Models,Ivory (Interior),AUA,#E8E4B6,En-US
1997,Lincoln,GROUP,All Other Models,Dark Prairie Tan (Interior),AY5,#746C52,En-US
1997,Lincoln,GROUP,All Other Models,Light Prairie Tan Metallic,BA/M6818,#C5BE9B,En-US
1997,Lincoln,GROUP,All Other Models,Light Cypress Metallic,BD/M6812,#C3C7B1,En-US
1997,Lincoln,GROUP,All Other Models,Deep Evergreen Metallic,F8/M6813,#155119,En-US
1997,Lincoln,GROUP,All Other Models,Cordovan  Metallic,FZ/M6756,#83131B,En-US
1997,Lincoln,GROUP,All Other Models,Ivory Pearl Metallic Tri-coat,HA/M6718,#E2DEC5,En-US
1997,Lincoln,GROUP,All Other Models,Ivory,HB/M6804,#E4E5B3,En-US
1997,Lincoln,GROUP,All Other Models,Toreador Red Pearl Tricoat,JB/M6757,#A70B0B,En-US
1997,Lincoln,GROUP,All Other Models,Deep Navy Blue Metallic,K4/M6820,#2A3658,En-US
1997,Lincoln,GROUP,All Other Models,Arctic Blue Metallic,K5/M6821,#CACFD8,En-US
1997,Lincoln,GROUP,All Other Models,Silver Frost Metallic,TS/M6720,#B9B9A7,En-US
1997,Lincoln,GROUP,All Other Models,Medium Pewter Gray Metallic,TT/M6822,#82867A,En-US
1997,Lincoln,GROUP,All Other Models,Black Ebony,UA/M6373,#0D2212,En-US
1997,Lincoln,GROUP,All Other Models,Opal Metallic Tricoat,WK/M6553,#E5EBE0,En-US
1997,Lincoln,GROUP,All Other Models,Performance White,WT/M6640,#F7F7DB,En-US
1997,Lotus,GROUP,All Models,British Racing Green,B04,#2F4628,En-US
1997,Mercedes-Benz,GROUP,All Models,Black,040/9040,#121D12,En-US
1997,Mercedes-Benz,GROUP,All Models,Glacier White,149,#EEEFEA,En-US
1997,Mercedes-Benz,GROUP,All Models,Polar White,149/9149,#F9FBFD,En-US
1997,Mercedes-Benz,GROUP,All Models,Black Opal Pearl,189,#232D47,En-US
1997,Mercedes-Benz,GROUP,All Models,Black Opal Pearl,189/9189,#232D47,En-US
1997,Mercedes-Benz,GROUP,All Models,Black Pearl Metallic,199,#131313,En-US
1997,Mercedes-Benz,GROUP,All Models,Spruce Green Metallic,249,#4C705E,En-US
1997,Mercedes-Benz,GROUP,All Models,Brilliant Emerald Pearl,269,#146029,En-US
1997,Mercedes-Benz,GROUP,All Models,Brilliant Emerald Pearl,269/6269,#146029,En-US
1997,Mercedes-Benz,GROUP,All Models,Cypress Green Metallic,272/6272,#04620B,En-US
1997,Mercedes-Benz,GROUP,All Models,Calypso Green Metallic,279,#3EA4A6,En-US
1997,Mercedes-Benz,GROUP,All Models,Royal Indigo Metallic,339/4339,#1F3163,En-US
1997,Mercedes-Benz,GROUP,All Models,Ruby (matt) Pearl,3518,#611727,En-US
1997,Mercedes-Benz,GROUP,All Models,Paprika Red (matt),3524,#7B1B2B,En-US
1997,Mercedes-Benz,GROUP,All Models,Imperial Red (matt),3533,#8E1D22,En-US
1997,Mercedes-Benz,GROUP,All Models,Corundum Red (matt) Metallic,3549,#733F3F,En-US
1997,Mercedes-Benz,GROUP,All Models,Azure Blue Pearl Metallic,366,#405368,En-US
1997,Mercedes-Benz,GROUP,All Models,Azure Blue Pearl Metallic,366/5366,#405368,En-US
1997,Mercedes-Benz,GROUP,All Models,Sodalith Blue (matt) Pearl,5205,#253B71,En-US
1997,Mercedes-Benz,GROUP,All Models,Midnight Blue (matt),5214,#050F3F,En-US
1997,Mercedes-Benz,GROUP,All Models,Azure Blue (matt) Metallic,5218,#133657,En-US
1997,Mercedes-Benz,GROUP,All Models,Rio Blue (matt) Metallic,5309,#282F5A,En-US
1997,Mercedes-Benz,GROUP,All Models,Ruby Pearl Metallic,572,#711C11,En-US
1997,Mercedes-Benz,GROUP,All Models,Ruby Pearl Metallic,572/3572,#711C11,En-US
1997,Mercedes-Benz,GROUP,All Models,Imperial Red,582,#A91A17,En-US
1997,Mercedes-Benz,GROUP,All Models,Imperial Red,582/3582,#A91A17,En-US
1997,Mercedes-Benz,GROUP,All Models,Orient Green (matt) Pearl Metallic,6301,#0D6113,En-US
1997,Mercedes-Benz,GROUP,All Models,Agate Green (matt) Metallic,6303,#115517,En-US
1997,Mercedes-Benz,GROUP,All Models,Tropengruen Metallic  (Trim),6856,#9FBBA0,En-US
1997,Mercedes-Benz,GROUP,All Models,Brilliant Emerald (matt) Pearl,6864,#0E4E2C,En-US
1997,Mercedes-Benz,GROUP,All Models,Smoke Silver Metallic,702,#C4BFB4,En-US
1997,Mercedes-Benz,GROUP,All Models,Smoke Silver Metallic,702/9702,#C4BFB4,En-US
1997,Mercedes-Benz,GROUP,All Models,Gray Metallic  (matt),7176,#99968D,En-US
1997,Mercedes-Benz,GROUP,All Models,Shell Gray (matt) Metallic,7176,#A09364,En-US
1997,Mercedes-Benz,GROUP,All Models,Atlas Grey (matt) Metallic,7181,#BAB8AA,En-US
1997,Mercedes-Benz,GROUP,All Models,Marble Grey (matt),7201,#D5D9D3,En-US
1997,Mercedes-Benz,GROUP,All Models,Agate Grey (matt) Metallic,7202,#848A87,En-US
1997,Mercedes-Benz,GROUP,All Models,Laud. Grey (matt) Metallic,7204,#697668,En-US
1997,Mercedes-Benz,GROUP,All Models,M/S Grey (matt) Metallic,7209,#63716F,En-US
1997,Mercedes-Benz,GROUP,All Models,Moonstone Grey Metallic,721,#9D9993,En-US
1997,Mercedes-Benz,GROUP,All Models,Moonstone Grey Metallic,721/7721,#9D9993,En-US
1997,Mercedes-Benz,GROUP,All Models,Brilliant Silver Metallic,744,#BFBEB9,En-US
1997,Mercedes-Benz,GROUP,All Models,Brilliant Silver Metallic,744/9744,#BFBEB9,En-US
1997,Mercedes-Benz,GROUP,All Models,Alto Grey (matt) Metallic,7700,#687A6C,En-US
1997,Mercedes-Benz,GROUP,All Models,Aspen Green Metallic,891,#1B591B,En-US
1997,Mercedes-Benz,GROUP,All Models,Dark Blue,904,#041248,En-US
1997,Mercedes-Benz,GROUP,All Models,Midnight Blue,904/5904,#041248,En-US
1997,Mercedes-Benz,GROUP,All Models,Black Opal (matt) Metallic,9122,#151613,En-US
1997,Porsche,GROUP,All Models,Pastel Yellow,12L/Q1 12M,#FFFF5B,En-US
1997,Porsche,GROUP,All Models,Wimbledon Green Metallic,231/B5,#3A5C64,En-US
1997,Porsche,GROUP,All Models,Ocean Jade Metallic,25H/J3 25K/J3,#539389,En-US
1997,Porsche,GROUP,All Models,Blue Turquoise,3AR/J1 3AS,#1C5770,En-US
1997,Porsche,GROUP,All Models,Glacier White,3AT,#EBF1F1,En-US
1997,Porsche,GROUP,All Models,Glacier White,3AU,#EBF1F1,En-US
1997,Porsche,GROUP,All Models,Zenith Blue Metallic,3AW/F1 3AX/F1,#393B76,En-US
1997,Porsche,GROUP,All Models,Ocean Blue Metallic,3AY/E1 3AZ/E1,#1E5460,En-US
1997,Porsche,GROUP,All Models,Felgen Silver Metallic,61A,#DEDED8,En-US
1997,Porsche,GROUP,All Models,Black Metallic,738/Z8 744,#000000,En-US
1997,Porsche,GROUP,All Models,Black,741/A1 747,#000000,En-US
1997,Porsche,GROUP,All Models,Guards Red,80K/G1 84A,#FE1020,En-US
1997,Porsche,GROUP,All Models,Arena Red Pearl,84R/H8 84S,#671D1B,En-US
1997,Porsche,GROUP,All Models,Arctic Silver Metallic,92T/X1 92U/X1,#D2D9E1,En-US
1997,Rolls-Royce,GROUP,All Models,Royal Blue Metallic,95.31.002,#10114C,En-US
1997,Rolls-Royce,GROUP,All Models,Forest Green,95.40.003,#12510B,En-US
1997,Saab,GROUP,All Models,Cirrus White,153,#E5EAD9,En-US
1997,Saab,GROUP,All Models,Black,170,#000000,En-US
1997,Saab,GROUP,All Models,Ambasador Blue,198,#010647,En-US
1997,Saab,GROUP,All Models,Citrin Beige Metallic,227,#C5C1B3,En-US
1997,Saab,GROUP,All Models,Le Mans Blue Metallic,229,#22405C,En-US
1997,Saab,GROUP,All Models,Scarabe Green Metallic,230,#195132,En-US
1997,Saab,GROUP,All Models,Imola Red,240,#9D2113,En-US
1997,Saab,GROUP,All Models,Silver Metallic,247,#9FAAA2,En-US
1997,Saab,GROUP,All Models,Sky Blue Metallic,252,#A1A8D1,En-US
1997,Saab,GROUP,All Models,Java Black Metallic,253,#232A2F,En-US
1997,Saab,GROUP,All Models,Cayenne Red Pearl Metallic,256,#8C1820,En-US
1997,Saab,GROUP,All Models,Midnight Blue Pearl Metallic,257,#111755,En-US
1997,Saab,GROUP,All Models,Amethyst Violet Pearl Metallic,258,#380D3B,En-US
1997,Subaru,GROUP,Impreza,Glacier White,230,#FAFAEC,En-US
1997,Subaru,GROUP,Impreza,Light Silver Metallic,406,#D3D2CF,En-US
1997,Subaru,GROUP,Impreza,Black Mica Pearl,47A,#00000C,En-US
1997,Subaru,GROUP,Impreza,Slate Gray Metallic,49B,#918F81,En-US
1997,Subaru,GROUP,Impreza,Slate Gray Metallic,49B/943,#9C8E80,En-US
1997,Subaru,GROUP,Impreza,Dark Blue Pearl,52D,#0A1D64,En-US
1997,Subaru,GROUP,Impreza,Brilliant Red,559,#9F1515,En-US
1997,Subaru,GROUP,Impreza,Green Metallic,64C,#12710D,En-US
1997,Subaru,GROUP,Impreza,Blue Metallic,66C,#308496,En-US
1997,Volkswagen,GROUP,Golf,Black,L041/A1,#000000,En-US
1997,Volkswagen,GROUP,Golf,Candy White,LB9A/B4,#FCFCFE,En-US
1997,Volkswagen,GROUP,Golf,Memory Red Pearl,LC3M/X7,#BF1F23,En-US
1997,Volkswagen,GROUP,Golf,Jade Green Pearl Effect,LC6T,#189E4A,En-US
1997,Volkswagen,GROUP,Golf,Windsor Blue Metallic,LG5R/WS,#090961,En-US
1997,Volkswagen,GROUP,Golf,Sequoia Green Metallic,LG6S/L2,#257F47,En-US
1997,Volkswagen,GROUP,Golf,Suede Silver Metallic,LG7X/A7,#B8B7A8,En-US
1997,Volkswagen,GROUP,Golf,Jazz Blue Pearl,LW5Z,#263DB2,En-US
1997,Volkswagen,GROUP,Golf,Tornado Red,LY3D/G2,#C21212,En-US
1997,Acura,DETAIL,CL,Buckingham Blue Pearl,B-59P,#11121D,En-US
1997,Acura,DETAIL,CL,Cyclone Blue Metallic,B-73M,#577F81,En-US
1997,Acura,DETAIL,CL,Cypress Green Pearl,G-82P,#15694A,En-US
1997,Acura,DETAIL,CL,Frost White,NH-538,#E5F3E8,En-US
1997,Acura,DETAIL,CL,Inza Red Pearl,R-96P,#741513,En-US
1997,Acura,DETAIL,CL,Primrose Mist Metallic,RP-27M,#C8C7C2,En-US
1997,Acura,DETAIL,CL,Solaris Silver Metallic,NH536M,#C0C0C0,En-US
1997,Acura,DETAIL,CL,Starlight Black Pearl,NH-592P,#000000,En-US
1997,Acura,DETAIL,Integra,Adriatic Blue Pearl,B-74P,#153A63,En-US
1997,Acura,DETAIL,Integra,Black Currant Pearl,RP-25P,#12180F,En-US
1997,Acura,DETAIL,Integra,Championship White,NH-0,#F1F7DB,En-US
1997,Acura,DETAIL,Integra,Citrus Silver Metallic,NH-597M,#A7A99F,En-US
1997,Acura,DETAIL,Integra,Cypress Green Pearl,G-82P,#15694A,En-US
1997,Acura,DETAIL,Integra,Frost White,NH-538,#E5F3E8,En-US
1997,Acura,DETAIL,Integra,Granada Black Metallic,NH-503P,#151517,En-US
1997,Acura,DETAIL,Integra,Matador Red Pearl,R-93P,#50161A,En-US
1997,Acura,DETAIL,Integra,Milano Red,R-81,#9B1806,En-US
1997,Acura,DETAIL,Integra,Solaris Silver Metallic,NH536M,#C0C0C0,En-US
1997,Acura,DETAIL,Integra,Vogue Silver Metallic,NH-583,#D4D9DE,En-US
1997,Acura,DETAIL,NSX,Berlina Black,NH-547,#000000,En-US
1997,Acura,DETAIL,NSX,Formula Red Tricoat,R-77,#B22119,En-US
1997,Acura,DETAIL,NSX,Grand Prix White,NH-565,#F1F3DB,En-US
1997,Acura,DETAIL,NSX,Imora Orange Pri Metallic,YR-514P,#A45F22,En-US
1997,Acura,DETAIL,NSX,Indy Yellow Pearl Tricoat,Y-52P,#F2DC01,En-US
1997,Acura,DETAIL,NSX,Kaiser Silver Metallic,NH-546M,#919686,En-US
1997,Acura,DETAIL,NSX,Monte Carlo Blue Pearl,B-66P,#19408F,En-US
1997,Acura,DETAIL,NSX,Silver Stone Metallic,NH552M,#D4D9DE,En-US
1997,Acura,DETAIL,RL,Black Currant Pearl,RP-25P,#12180F,En-US
1997,Acura,DETAIL,RL,Cayman White Pearl Tri-coat,NH-585P,#E3E6D8,En-US
1997,Acura,DETAIL,RL,Crescent Silver Metallic,B-75M,#C0C0C0,En-US
1997,Acura,DETAIL,RL,Devon Slate Pearl,YR-511P,#2B2727,En-US
1997,Acura,DETAIL,RL,Eucalyptus Green Pearl,G-83P,#4E7265,En-US
1997,Acura,DETAIL,RL,Heather Mist Metallic,YR-508M,#CCCDB9,En-US
1997,Acura,DETAIL,RL,Juniper Green Pearl,G-79P,#1B3B25,En-US
1997,Acura,DETAIL,RL,Starlight Black Pearl,NH-592P,#000000,En-US
1997,Acura,DETAIL,SLX,Cream White,752,#FCFCE6,En-US
1997,Acura,DETAIL,SLX,Cream White,752/W101,#FAFCF0,En-US
1997,Acura,DETAIL,SLX,Ebony Black,826,#050505,En-US
1997,Acura,DETAIL,SLX,Ebony Black,826/001,#050505,En-US
1997,Acura,DETAIL,SLX,Fir Green Pearl,871/G501,#547256,En-US
1997,Acura,DETAIL,SLX,Fir Green Pri Metallic,871,#59704C,En-US
1997,Acura,DETAIL,SLX,Light Silver Metallic,753,#A5A599,En-US
1997,Acura,DETAIL,SLX,Light Silver Metallic,753/N105,#A5A599,En-US
1997,Acura,DETAIL,SLX,Radiant Red,756,#9C1918,En-US
1997,Acura,DETAIL,SLX,Radiant Red,756/R103,#9C1918,En-US
1997,Acura,DETAIL,TL,Cayman White Pearl Tri-coat,NH-585P,#E3E6D8,En-US
1997,Acura,DETAIL,TL,Desert Mist Metallic,YR-506M,#8B7965,En-US
1997,Acura,DETAIL,TL,Granite Silver Pearl,YR-509P,#B7BBA9,En-US
1997,Acura,DETAIL,TL,Juniper Green Pearl,G-79P,#1B3B25,En-US
1997,Acura,DETAIL,TL,Pacific Blue Pearl,B-68P,#152D59,En-US
1997,Acura,DETAIL,TL,Starlight Black Pearl,NH-592P,#000000,En-US
1997,Acura,DETAIL,TL,Taffeta White,NH-578,#FEFDEC,En-US
1997,BMW,DETAIL,Z3,Alpine White III,300,#EEF4DF,En-US
1997,BMW,DETAIL,Z3,Arctic Silver Metallic,309,#9D9D93,En-US
1997,BMW,DETAIL,Z3,Atlanta Blue Metallic,306,#3C808E,En-US
1997,BMW,DETAIL,Z3,Boston Green Metallic,275,#0D4F20,En-US
1997,BMW,DETAIL,Z3,Bright Red,314,#C62216,En-US
1997,BMW,DETAIL,Z3,Cosmos Black Pearl Metallic,303,#1D0F2F,En-US
1997,BMW,DETAIL,Z3,Dark Green II,307,#092D03,En-US
1997,BMW,DETAIL,Z3,Jet Black,668,#000000,En-US
1997,BMW,DETAIL,Z3,Montreal Blue Pearl,297,#0A1C56,En-US
1997,BMW,DETAIL,Z3,Turquoise Green,326,#85A5A2,En-US
1997,BMW,DETAIL,Z3,Violet Black,304,#1D1D21,En-US
1997,BMW,DETAIL,Z3,Violet Red II,328,#331A1F,En-US
1997,Buick,DETAIL,Century,Aubergine Metallic,18/WA325D,#A28489,En-US
1997,Buick,DETAIL,Century,Black,41/WA8555,#020202,En-US
1997,Buick,DETAIL,Century,Bright White,16/WA9753,#F9F8E9,En-US
1997,Buick,DETAIL,Century,Dark Cherry Metallic,77/WA9800,#6B2551,En-US
1997,Buick,DETAIL,Century,Dark Mulberry Metallic,89/WA326D,#47233E,En-US
1997,Buick,DETAIL,Century,Dark Teal Metallic,35/WA132A,#207A64,En-US
1997,Buick,DETAIL,Century,Dark Torreador Metallic,51/WA203C,#530303,En-US
1997,Buick,DETAIL,Century,Flame Red,81/WA8774,#BA1E19,En-US
1997,Buick,DETAIL,Century,Jasper Green Metallic,56/WA329D,#115911,En-US
1997,Buick,DETAIL,Century,Light Adriatic Metallic,36/WA121A,#B8BDC4,En-US
1997,Buick,DETAIL,Century,Light Sandrift Metallic,49/WA220C,#AB996D,En-US
1997,Buick,DETAIL,Century,Light Toreador Metallic,53/WA345D,#7B140F,En-US
1997,Buick,DETAIL,Century,Medium Adriatic Blue Metallic,30/WA9907,#5F769B,En-US
1997,Buick,DETAIL,Century,Medium Dark Lichen Metallic,47/WA208C,#8C907E,En-US
1997,Buick,DETAIL,Century,Medium Marblehead Metallic,03/WA9924,#C6C2BA,En-US
1997,Buick,DETAIL,Century,Medium Sea Green Metallic,42/WA210C,#588A82,En-US
1997,Buick,DETAIL,Century,Opal Blue Metallic,24/WA305D,#718997,En-US
1997,Buick,DETAIL,Century,Silvermist Metallic,17/WA331D,#CECAAA,En-US
1997,Buick,DETAIL,Century,Storm Gray Metallic  (bumper),14/WA312D,#7D837F,En-US
1997,Buick,DETAIL,Century,Torch Red,70/WA9075,#D12A1D,En-US
1997,Buick,DETAIL,Le Sabre,Aubergine Metallic,18/WA325D,#A28489,En-US
1997,Buick,DETAIL,Le Sabre,Black,41/WA8555,#020202,En-US
1997,Buick,DETAIL,Le Sabre,Bright White,16/WA9753,#F9F8E9,En-US
1997,Buick,DETAIL,Le Sabre,Dark Cherry Metallic,77/WA9800,#6B2551,En-US
1997,Buick,DETAIL,Le Sabre,Dark Toreador Red Metallic,51/WA257C,#6A0417,En-US
1997,Buick,DETAIL,Le Sabre,Dark Yellow Green Metallic,48/WA9806,#4D6139,En-US
1997,Buick,DETAIL,Le Sabre,Flame Red,81/WA8774,#BA1E19,En-US
1997,Buick,DETAIL,Le Sabre,Light Adriatic Metallic,36/WA173A,#B8BDC4,En-US
1997,Buick,DETAIL,Le Sabre,Light Teal Metallic,34/WA129A,#C3D1C7,En-US
1997,Buick,DETAIL,Le Sabre,Light Toreador Metallic,53/WA307D,#BE2E2E,En-US
1997,Buick,DETAIL,Le Sabre,Majestic Teal Metallic,43/WA272C,#027212,En-US
1997,Buick,DETAIL,Le Sabre,Medium Adriatic Blue Metallic,30/WA9907,#5F769B,En-US
1997,Buick,DETAIL,Le Sabre,Medium Blue Metallic,34/WA9222,#256078,En-US
1997,Buick,DETAIL,Le Sabre,Medium Dark Lichen Metallic,47/WA208C,#8C907E,En-US
1997,Buick,DETAIL,Le Sabre,Medium Marblehead Metallic,03/WA9924,#C6C2BA,En-US
1997,Buick,DETAIL,Le Sabre,Medium Sea Green Metallic,42/WA210C,#588A82,En-US
1997,Buick,DETAIL,Le Sabre,Silvermist Metallic,17/WA301D,#CECAAA,En-US
1997,Buick,DETAIL,Le Sabre,Stone Beige Metallic,50/WA116B,#A5A987,En-US
1997,Buick,DETAIL,Park Avenue,Aubergine Metallic,18/WA325D,#A28489,En-US
1997,Buick,DETAIL,Park Avenue,Black,41/WA8555,#020202,En-US
1997,Buick,DETAIL,Park Avenue,Bright White,16/WA9753,#F9F8E9,En-US
1997,Buick,DETAIL,Park Avenue,Crystal Metallic,58/WA218C,#B4BF89,En-US
1997,Buick,DETAIL,Park Avenue,Dark Toreador Red Metallic,51/WA257C,#6A0417,En-US
1997,Buick,DETAIL,Park Avenue,Light Adriatic Metallic,36/WA173A,#B8BDC4,En-US
1997,Buick,DETAIL,Park Avenue,Light Toreador Metallic,53/WA307D,#BE2E2E,En-US
1997,Buick,DETAIL,Park Avenue,Majestic Teal Metallic,43/WA272C,#027212,En-US
1997,Buick,DETAIL,Park Avenue,Medium Adriatic Blue Metallic,30/WA9907,#5F769B,En-US
1997,Buick,DETAIL,Park Avenue,Medium Dark Lichen Metallic,47/WA208C,#8C907E,En-US
1997,Buick,DETAIL,Park Avenue,Silvermist Metallic,17/WA301D,#CECAAA,En-US
1997,Buick,DETAIL,Park Avenue,Stone Beige Metallic,50/WA116B,#A5A987,En-US
1997,Buick,DETAIL,Regal,Aubergine Metallic,18/WA325D,#A28489,En-US
1997,Buick,DETAIL,Regal,Black,41/WA8555,#020202,En-US
1997,Buick,DETAIL,Regal,Bright White,16/WA9753,#F9F8E9,En-US
1997,Buick,DETAIL,Regal,Dark Cherry Metallic,77/WA9800,#6B2551,En-US
1997,Buick,DETAIL,Regal,Dark Mulberry Metallic,89/WA326D,#47233E,En-US
1997,Buick,DETAIL,Regal,Dark Teal Metallic,35/WA132A,#207A64,En-US
1997,Buick,DETAIL,Regal,Dark Torreador Metallic,51/WA203C,#530303,En-US
1997,Buick,DETAIL,Regal,Flame Red,81/WA8774,#BA1E19,En-US
1997,Buick,DETAIL,Regal,Jasper Green Metallic,56/WA329D,#115911,En-US
1997,Buick,DETAIL,Regal,Light Adriatic Metallic,36/WA121A,#B8BDC4,En-US
1997,Buick,DETAIL,Regal,Light Sandrift Metallic,49/WA220C,#AB996D,En-US
1997,Buick,DETAIL,Regal,Light Toreador Metallic,53/WA345D,#7B140F,En-US
1997,Buick,DETAIL,Regal,Medium Adriatic Blue Metallic,30/WA9907,#5F769B,En-US
1997,Buick,DETAIL,Regal,Medium Dark Lichen Metallic,47/WA208C,#8C907E,En-US
1997,Buick,DETAIL,Regal,Medium Marblehead Metallic,03/WA9924,#C6C2BA,En-US
1997,Buick,DETAIL,Regal,Medium Sea Green Metallic,42/WA210C,#588A82,En-US
1997,Buick,DETAIL,Regal,Opal Blue Metallic,24/WA305D,#718997,En-US
1997,Buick,DETAIL,Regal,Silvermist Metallic,17/WA331D,#CECAAA,En-US
1997,Buick,DETAIL,Regal,Storm Gray Metallic  (bumper),14/WA312D,#7D837F,En-US
1997,Buick,DETAIL,Regal,Torch Red,70/WA9075,#D12A1D,En-US
1997,Buick,DETAIL,Riviera,Aubergine Metallic,18/WA325D,#A28489,En-US
1997,Buick,DETAIL,Riviera,Black,41/WA8555,#020202,En-US
1997,Buick,DETAIL,Riviera,Bright White,16/WA9753,#F9F8E9,En-US
1997,Buick,DETAIL,Riviera,Bright White Diamond Pearl Tri-coat,78/WA140B,#DCE5D6,En-US
1997,Buick,DETAIL,Riviera,Dark Toreador Red Metallic,51/WA257C,#6A0417,En-US
1997,Buick,DETAIL,Riviera,Light Adriatic Metallic,36/WA173A,#B8BDC4,En-US
1997,Buick,DETAIL,Riviera,Light Stellar Blue Metallic,27/WA146B,#91B0BF,En-US
1997,Buick,DETAIL,Riviera,Light Teal Metallic,34/WA129A,#C3D1C7,En-US
1997,Buick,DETAIL,Riviera,Light Toreador Metallic,53/WA307D,#BE2E2E,En-US
1997,Buick,DETAIL,Riviera,Majestic Teal Metallic,43/WA272C,#027212,En-US
1997,Buick,DETAIL,Riviera,Medium Adriatic Blue Metallic,30/WA9907,#5F769B,En-US
1997,Buick,DETAIL,Riviera,Medium Dark Lichen Metallic,47/WA208C,#8C907E,En-US
1997,Buick,DETAIL,Riviera,Medium Sea Green Metallic,42/WA210C,#588A82,En-US
1997,Buick,DETAIL,Riviera,Silvermist Metallic,17/WA301D,#CECAAA,En-US
1997,Buick,DETAIL,Riviera,Stone Beige Metallic,50/WA116B,#A5A987,En-US
1997,Buick,DETAIL,Skylark,Aubergine Metallic,18/WA325D,#A28489,En-US
1997,Buick,DETAIL,Skylark,Black,41/WA8555,#020202,En-US
1997,Buick,DETAIL,Skylark,Bright White,16/WA9753,#F9F8E9,En-US
1997,Buick,DETAIL,Skylark,Dark Mulberry Metallic,89/WA326D,#47233E,En-US
1997,Buick,DETAIL,Skylark,Flame Red,81/WA8774,#BA1E19,En-US
1997,Buick,DETAIL,Skylark,Light Sandrift Metallic,49/WA220C,#AB996D,En-US
1997,Buick,DETAIL,Skylark,Light Toreador Metallic,53/WA345D,#7B140F,En-US
1997,Buick,DETAIL,Skylark,Malachite Metallic,44/WA9084,#85B9B0,En-US
1997,Buick,DETAIL,Skylark,Manta Green Metallic,37/WA204C,#057928,En-US
1997,Buick,DETAIL,Skylark,Medium Sea Green Metallic,42/WA210C,#588A82,En-US
1997,Buick,DETAIL,Skylark,Opal Blue Metallic,24/WA305D,#718997,En-US
1997,Cadillac,DETAIL,Catera,Aubergine Metallic,18/WA325D,#A28489,En-US
1997,Cadillac,DETAIL,Catera,Cranberry Pearl,75U/WA169D,#8E1616,En-US
1997,Cadillac,DETAIL,Catera,Cranberry Pearl,75U/WA205D,#461117,En-US
1997,Cadillac,DETAIL,Catera,Ebony,80U/WA168D,#000000,En-US
1997,Cadillac,DETAIL,Catera,Forest Pearl,46U/WA166D,#0D7521,En-US
1997,Cadillac,DETAIL,Catera,Ivory,11U/WA164D,#F5FFE1,En-US
1997,Cadillac,DETAIL,Catera,Ocean Pearl,14U/WA170D,#156942,En-US
1997,Cadillac,DETAIL,Catera,Sage Metallic,97U/WA167D,#9E9365,En-US
1997,Cadillac,DETAIL,Catera,Sand Pearl,68U/WA165D,#A89470,En-US
1997,Cadillac,DETAIL,Catera,Slate Pearl,86U/WA171D,#6E7582,En-US
1997,Cadillac,DETAIL,Other Cadillac Models,Aubergine Metallic,18/WA325D,#A28489,En-US
1997,Cadillac,DETAIL,Other Cadillac Models,Black,19/WA848,#0A150D,En-US
1997,Cadillac,DETAIL,Other Cadillac Models,Black,41/WA8555,#020202,En-US
1997,Cadillac,DETAIL,Other Cadillac Models,Cappuncino Cream (Interior),16/WA148B,#E1CE9F,En-US
1997,Cadillac,DETAIL,Other Cadillac Models,Cry. Green (Interior),42/WA234C,#98A490,En-US
1997,Cadillac,DETAIL,Other Cadillac Models,Dark Adriatic Metallic,39/WA122A,#090B57,En-US
1997,Cadillac,DETAIL,Other Cadillac Models,Dark Calypso Green Metallic,92/WA115A,#0C805B,En-US
1997,Cadillac,DETAIL,Other Cadillac Models,Dark Caribe Metallic,38/WA105D,#096105,En-US
1997,Cadillac,DETAIL,Other Cadillac Models,Dark Cherry Metallic,77/WA9800,#6B2551,En-US
1997,Cadillac,DETAIL,Other Cadillac Models,Dark Cry. Green (Interior),42/WA236C,#555E50,En-US
1997,Cadillac,DETAIL,Other Cadillac Models,Dark Mont. Blue (Interior),21/WA156A,#4B555D,En-US
1997,Cadillac,DETAIL,Other Cadillac Models,Dark Sienna (Interior),66/WA8856,#876643,En-US
1997,Cadillac,DETAIL,Other Cadillac Models,Dark Torreador Metallic,51/WA203C,#530303,En-US
1997,Cadillac,DETAIL,Other Cadillac Models,Harmony Black (Interior),WA6259,#4F3C37,En-US
1997,Cadillac,DETAIL,Other Cadillac Models,Light Adriatic Metallic,36/WA121A,#B8BDC4,En-US
1997,Cadillac,DETAIL,Other Cadillac Models,Light Driftwood Metallic,33/WA5322,#CFBC87,En-US
1997,Cadillac,DETAIL,Other Cadillac Models,Light Green Metallic,54/WA291C,#BCC682,En-US
1997,Cadillac,DETAIL,Other Cadillac Models,Light Medici Metallic,06/WA141D,#941A2E,En-US
1997,Cadillac,DETAIL,Other Cadillac Models,M.D. Cry. Green (Interior),42/WA235C,#768070,En-US
1997,Cadillac,DETAIL,Other Cadillac Models,Medici (Interior),77/WA112D,#645340,En-US
1997,Cadillac,DETAIL,Other Cadillac Models,Medium Adriatic Blue Metallic,30/WA9907,#5F769B,En-US
1997,Cadillac,DETAIL,Other Cadillac Models,Medium Dark Neutral (Interior),52/WA9648,#917C5F,En-US
1997,Cadillac,DETAIL,Other Cadillac Models,Medium Dark Pewter (Interior),92/WA110D,#9E9688,En-US
1997,Cadillac,DETAIL,Other Cadillac Models,Medium Montana Blue Metallic,21/WA112A,#405F8A,En-US
1997,Cadillac,DETAIL,Other Cadillac Models,Neutral Shale (Interior),60I/WA172D,#BDBBA7,En-US
1997,Cadillac,DETAIL,Other Cadillac Models,Polo Green Metallic,91/WA9529,#257125,En-US
1997,Cadillac,DETAIL,Other Cadillac Models,Red Pearl Tri-Coat,86/WA127B,#C60500,En-US
1997,Cadillac,DETAIL,Other Cadillac Models,Ruby (Interior),79/WA9933,#855F37,En-US
1997,Cadillac,DETAIL,Other Cadillac Models,Shale,57/WA213C,#BCB694,En-US
1997,Cadillac,DETAIL,Other Cadillac Models,Shale (Interior Color),15/WA149B,#CAB98C,En-US
1997,Cadillac,DETAIL,Other Cadillac Models,Shale Metallic,46/WA130B,#9D9993,En-US
1997,Cadillac,DETAIL,Other Cadillac Models,Silvermist Metallic,17/WA301D,#CECAAA,En-US
1997,Cadillac,DETAIL,Other Cadillac Models,Silvermist Metallic,17/WA331D,#CECAAA,En-US
1997,Cadillac,DETAIL,Other Cadillac Models,Very Dark Gray (Interior),14/WA9902,#5D5C55,En-US
1997,Cadillac,DETAIL,Other Cadillac Models,White,40/WA8554,#FEF7EC,En-US
1997,Cadillac,DETAIL,Other Cadillac Models,White Diamond Pearl Tri-coat,93/WA8933,#EDF4DC,En-US
1997,Chevrolet,DETAIL,Astro,Aubergine Metallic,18/WA325D,#A28489,En-US
1997,Chevrolet,DETAIL,Astro,Cyclamen Metallic,05/WA160B,#8B1944,En-US
1997,Chevrolet,DETAIL,Astro,Emerald Green Metallic,43/WA177B,#178739,En-US
1997,Chevrolet,DETAIL,Astro,Light Autumnwood Metallic,55/WA228A,#B5A78D,En-US
1997,Chevrolet,DETAIL,Astro,Light Toreador Metallic,53/WA307D,#8F1515,En-US
1997,Chevrolet,DETAIL,Astro,Medium Dark Lichen Metallic,47/WA208C,#8C907E,En-US
1997,Chevrolet,DETAIL,Astro,Medium Dark Teal Metallic,36/WA9828,#0C6851,En-US
1997,Chevrolet,DETAIL,Astro,Medium Stellar Blue Metallic,37/WA219C,#404494,En-US
1997,Chevrolet,DETAIL,Astro,Red Maple Metallic,59/WA225C,#BB4845,En-US
1997,Chevrolet,DETAIL,Astro,Silvermist Metallic,17/WA331D,#CECAAA,En-US
1997,Chevrolet,DETAIL,Astro,White,10/WA9225,#FEFDF2,En-US
1997,Chevrolet,DETAIL,Astro,Woodland Green Metallic,43U/WA299C,#087A0D,En-US
1997,Chevrolet,DETAIL,Blazer,Aubergine Metallic,18/WA325D,#A28489,En-US
1997,Chevrolet,DETAIL,Blazer,Black,41/ WA8555,#121713,En-US
1997,Chevrolet,DETAIL,Blazer,Bright Red,72/WA7475,#BC0400,En-US
1997,Chevrolet,DETAIL,Blazer,Emerald Green Metallic,43/WA177B,#178739,En-US
1997,Chevrolet,DETAIL,Blazer,Fairway Green Metallic,87/WA309D,#235317,En-US
1997,Chevrolet,DETAIL,Blazer,Gray Metallic,90/WA8798,#999B9F,En-US
1997,Chevrolet,DETAIL,Blazer,Light Autumnwood Metallic,55/WA228A,#B5A78D,En-US
1997,Chevrolet,DETAIL,Blazer,Light Stellar Blue Metallic,27/WA146B,#91B0BF,En-US
1997,Chevrolet,DETAIL,Blazer,Medium Dark Pewter (Interior Color),92/WA110D,#8B816F,En-US
1997,Chevrolet,DETAIL,Blazer,Medium Red Metallic,94/WA9088,#710F11,En-US
1997,Chevrolet,DETAIL,Blazer,Silver Metallic,96/WA8867,#ABB6B5,En-US
1997,Chevrolet,DETAIL,Blazer,Smokey Carmel Metallic,65/WA333D,#8A5C36,En-US
1997,Chevrolet,DETAIL,Blazer,Tan,61/WA8265,#F2CFA2,En-US
1997,Chevrolet,DETAIL,Blazer,White,50/WA8624,#EFEFE9,En-US
1997,Chevrolet,DETAIL,Camaro,Arctic White,10/WA9567,#FDF6DF,En-US
1997,Chevrolet,DETAIL,Camaro,Aubergine Metallic,18/WA325D,#A28489,En-US
1997,Chevrolet,DETAIL,Camaro,Black,41/WA8555,#020202,En-US
1997,Chevrolet,DETAIL,Camaro,Bright Green Metallic,31/WA319D,#0B5519,En-US
1997,Chevrolet,DETAIL,Camaro,Bright Purple Metallic,88/WA327D,#481B59,En-US
1997,Chevrolet,DETAIL,Camaro,Cayenne Red Metallic,96/WA122B,#C90F0F,En-US
1997,Chevrolet,DETAIL,Camaro,Dark Yellow Green Metallic,48/WA9806,#4D6139,En-US
1997,Chevrolet,DETAIL,Camaro,Flame Red,81/WA8774,#BA1E19,En-US
1997,Chevrolet,DETAIL,Camaro,Medium Quasar Blue Metallic,80/WA5378,#0F8CA3,En-US
1997,Chevrolet,DETAIL,Camaro,Mystic Teal Metallic,79/WA320C,#248E5B,En-US
1997,Chevrolet,DETAIL,Camaro,Sebring Silver Metallic,13/WA9566,#D2D2D6,En-US
1997,Chevrolet,DETAIL,Cavalier,Aubergine Metallic,18/WA325D,#A28489,En-US
1997,Chevrolet,DETAIL,Cavalier,Black,41/WA8555,#020202,En-US
1997,Chevrolet,DETAIL,Cavalier,Bright Aqua Metallic,43/WA9796,#04B2B0,En-US
1997,Chevrolet,DETAIL,Cavalier,Bright White,16/WA9753,#F9F8E9,En-US
1997,Chevrolet,DETAIL,Cavalier,Cayenne Red Metallic,96/WA164B,#C90F0F,En-US
1997,Chevrolet,DETAIL,Cavalier,Dahlia Blue Metallic,22/WA337D,#3A95B6,En-US
1997,Chevrolet,DETAIL,Cavalier,Dark Mulberry Metallic,89/WA326D,#47233E,En-US
1997,Chevrolet,DETAIL,Cavalier,Flame Red,81/WA8774,#BA1E19,En-US
1997,Chevrolet,DETAIL,Cavalier,Light Sandrift Metallic,49/WA220C,#AB996D,En-US
1997,Chevrolet,DETAIL,Cavalier,Light Sandrift Metallic,49/WA312C,#B8AD80,En-US
1997,Chevrolet,DETAIL,Cavalier,Manta Green Metallic,37/WA204C,#057928,En-US
1997,Chevrolet,DETAIL,Cavalier,Opal Blue Metallic,24/WA305D,#718997,En-US
1997,Chevrolet,DETAIL,Corvette,Arctic White,10/WA9567,#FDF6DF,En-US
1997,Chevrolet,DETAIL,Corvette,Aubergine Metallic,18/WA325D,#A28489,En-US
1997,Chevrolet,DETAIL,Corvette,Black,41/WA8555,#020202,En-US
1997,Chevrolet,DETAIL,Corvette,Bright Blue Metallic,23/WA348D,#2C8CAC,En-US
1997,Chevrolet,DETAIL,Corvette,Fairway Green Metallic,87/WA309D,#235317,En-US
1997,Chevrolet,DETAIL,Corvette,Light Toreador Metallic,53/WA307D,#8F1515,En-US
1997,Chevrolet,DETAIL,Corvette,Silver Metallic,13/WA9021,#C0C0C0,En-US
1997,Chevrolet,DETAIL,Corvette,Torch Red,70/WA9075,#D12A1D,En-US
1997,Chevrolet,DETAIL,Lumina,Aubergine Metallic,18/WA325D,#A28489,En-US
1997,Chevrolet,DETAIL,Lumina,Black,41/WA8555,#020202,En-US
1997,Chevrolet,DETAIL,Lumina,Bright White,16/WA9753,#F9F8E9,En-US
1997,Chevrolet,DETAIL,Lumina,Dark Cherry Metallic,77/WA9800,#6B2551,En-US
1997,Chevrolet,DETAIL,Lumina,Dark Mulberry Metallic,89/WA326D,#47233E,En-US
1997,Chevrolet,DETAIL,Lumina,Dark Teal Pri Metallic,35/WA132A,#315F4F,En-US
1997,Chevrolet,DETAIL,Lumina,Dark Torreador Metallic,51/WA203C,#530303,En-US
1997,Chevrolet,DETAIL,Lumina,Flame Red,81/WA8774,#BA1E19,En-US
1997,Chevrolet,DETAIL,Lumina,Jasper Green Metallic,56/WA329D,#115911,En-US
1997,Chevrolet,DETAIL,Lumina,Light Adriatic Metallic,36/WA121A,#B8BDC4,En-US
1997,Chevrolet,DETAIL,Lumina,Light Sandrift Metallic,49/WA220C,#AB996D,En-US
1997,Chevrolet,DETAIL,Lumina,Light Toreador Metallic,53/WA345D,#7B140F,En-US
1997,Chevrolet,DETAIL,Lumina,Medium Adriatic Blue Metallic,30/WA9907,#5F769B,En-US
1997,Chevrolet,DETAIL,Lumina,Medium Dark Lichen Metallic,47/WA208C,#8C907E,En-US
1997,Chevrolet,DETAIL,Lumina,Medium Marblehead Metallic,03/WA9924,#C6C2BA,En-US
1997,Chevrolet,DETAIL,Lumina,Medium Sea Green Metallic,42/WA210C,#456D67,En-US
1997,Chevrolet,DETAIL,Lumina,Opal Blue Metallic,24/WA305D,#718997,En-US
1997,Chevrolet,DETAIL,Lumina,Silvermist Metallic,17/WA331D,#CECAAA,En-US
1997,Chevrolet,DETAIL,Lumina,Torch Red,70/WA9075,#D12A1D,En-US
1997,Chevrolet,DETAIL,Malibu,Aubergine Metallic,18/WA325D,#A28489,En-US
1997,Chevrolet,DETAIL,Malibu,Black,41/WA8555,#020202,En-US
1997,Chevrolet,DETAIL,Malibu,Bright White,16/WA9753,#F9F8E9,En-US
1997,Chevrolet,DETAIL,Malibu,Dark Cherry Metallic,77/WA9800,#6B2551,En-US
1997,Chevrolet,DETAIL,Malibu,Dark Mulberry Metallic,89/WA326D,#47233E,En-US
1997,Chevrolet,DETAIL,Malibu,Dark Teal Pri Metallic,35/WA132A,#315F4F,En-US
1997,Chevrolet,DETAIL,Malibu,Dark Torreador Metallic,51/WA203C,#530303,En-US
1997,Chevrolet,DETAIL,Malibu,Flame Red,81/WA8774,#BA1E19,En-US
1997,Chevrolet,DETAIL,Malibu,Jasper Green Metallic,56/WA329D,#115911,En-US
1997,Chevrolet,DETAIL,Malibu,Light Adriatic Metallic,36/WA121A,#B8BDC4,En-US
1997,Chevrolet,DETAIL,Malibu,Light Sandrift Metallic,49/WA220C,#AB996D,En-US
1997,Chevrolet,DETAIL,Malibu,Light Toreador Metallic,53/WA345D,#7B140F,En-US
1997,Chevrolet,DETAIL,Malibu,Medium Adriatic Blue Metallic,30/WA9907,#5F769B,En-US
1997,Chevrolet,DETAIL,Malibu,Medium Dark Lichen Metallic,47/WA208C,#8C907E,En-US
1997,Chevrolet,DETAIL,Malibu,Medium Marblehead Metallic,03/WA9924,#C6C2BA,En-US
1997,Chevrolet,DETAIL,Malibu,Medium Sea Green Metallic,42/WA210C,#456D67,En-US
1997,Chevrolet,DETAIL,Malibu,Opal Blue Metallic,24/WA305D,#718997,En-US
1997,Chevrolet,DETAIL,Malibu,Silvermist Metallic,17/WA331D,#CECAAA,En-US
1997,Chevrolet,DETAIL,Malibu,Torch Red,70/WA9075,#D12A1D,En-US
1997,Chevrolet,DETAIL,Monte Carlo,Aubergine Metallic,18/WA325D,#A28489,En-US
1997,Chevrolet,DETAIL,Monte Carlo,Black,41/WA8555,#020202,En-US
1997,Chevrolet,DETAIL,Monte Carlo,Bright White,16/WA9753,#F9F8E9,En-US
1997,Chevrolet,DETAIL,Monte Carlo,Dark Cherry Metallic,77/WA9800,#6B2551,En-US
1997,Chevrolet,DETAIL,Monte Carlo,Dark Mulberry Metallic,89/WA326D,#47233E,En-US
1997,Chevrolet,DETAIL,Monte Carlo,Dark Teal Pri Metallic,35/WA132A,#315F4F,En-US
1997,Chevrolet,DETAIL,Monte Carlo,Dark Torreador Metallic,51/WA203C,#530303,En-US
1997,Chevrolet,DETAIL,Monte Carlo,Flame Red,81/WA8774,#BA1E19,En-US
1997,Chevrolet,DETAIL,Monte Carlo,Jasper Green Metallic,56/WA329D,#115911,En-US
1997,Chevrolet,DETAIL,Monte Carlo,Light Adriatic Metallic,36/WA121A,#B8BDC4,En-US
1997,Chevrolet,DETAIL,Monte Carlo,Light Sandrift Metallic,49/WA220C,#AB996D,En-US
1997,Chevrolet,DETAIL,Monte Carlo,Light Toreador Metallic,53/WA345D,#7B140F,En-US
1997,Chevrolet,DETAIL,Monte Carlo,Medium Adriatic Blue Metallic,30/WA9907,#5F769B,En-US
1997,Chevrolet,DETAIL,Monte Carlo,Medium Dark Lichen Metallic,47/WA208C,#8C907E,En-US
1997,Chevrolet,DETAIL,Monte Carlo,Medium Marblehead Metallic,03/WA9924,#C6C2BA,En-US
1997,Chevrolet,DETAIL,Monte Carlo,Medium Sea Green Metallic,42/WA210C,#456D67,En-US
1997,Chevrolet,DETAIL,Monte Carlo,Opal Blue Metallic,24/WA305D,#718997,En-US
1997,Chevrolet,DETAIL,Monte Carlo,Silvermist Metallic,17/WA331D,#CECAAA,En-US
1997,Chevrolet,DETAIL,Monte Carlo,Torch Red,70/WA9075,#D12A1D,En-US
1997,Chevrolet,DETAIL,Suburban,Aubergine Metallic,18/WA325D,#A28489,En-US
1997,Chevrolet,DETAIL,Suburban,Black,41/ WA8555,#121713,En-US
1997,Chevrolet,DETAIL,Suburban,Dark Cherry Metallic,77/WA9800,#6B2551,En-US
1997,Chevrolet,DETAIL,Suburban,Emerald Green Metallic,43/WA177B,#178739,En-US
1997,Chevrolet,DETAIL,Suburban,Indigo Metallic,39/WA9792,#0B536D,En-US
1997,Chevrolet,DETAIL,Suburban,Medium Dark Pewter (Interior Color),92/WA110D,#8B816F,En-US
1997,Chevrolet,DETAIL,Suburban,Opal Blue Metallic,24/WA305D,#718997,En-US
1997,Chevrolet,DETAIL,Suburban,Red,74/WA9260,#A51814,En-US
1997,Chevrolet,DETAIL,Suburban,Red Maple Metallic,59/WA225C,#BB4845,En-US
1997,Chevrolet,DETAIL,Suburban,Silver Metallic,96/WA8867,#ABB6B5,En-US
1997,Chevrolet,DETAIL,Suburban,Smokey Carmel Metallic,65/WA333D,#8A5C36,En-US
1997,Chevrolet,DETAIL,Suburban,White,50/WA8624,#EFEFE9,En-US
1997,Chevrolet,DETAIL,Tahoe,Aubergine Metallic,18/WA325D,#A28489,En-US
1997,Chevrolet,DETAIL,Tahoe,Black,41/ WA8555,#121713,En-US
1997,Chevrolet,DETAIL,Tahoe,Dark Cherry Metallic,77/WA9800,#6B2551,En-US
1997,Chevrolet,DETAIL,Tahoe,Emerald Green Metallic,43/WA177B,#178739,En-US
1997,Chevrolet,DETAIL,Tahoe,Indigo Metallic,39/WA9792,#0B536D,En-US
1997,Chevrolet,DETAIL,Tahoe,Medium Dark Pewter (Interior Color),92/WA110D,#8B816F,En-US
1997,Chevrolet,DETAIL,Tahoe,Opal Blue Metallic,24/WA305D,#718997,En-US
1997,Chevrolet,DETAIL,Tahoe,Red,74/WA9260,#A51814,En-US
1997,Chevrolet,DETAIL,Tahoe,Red Maple Metallic,59/WA225C,#BB4845,En-US
1997,Chevrolet,DETAIL,Tahoe,Silver Metallic,96/WA8867,#ABB6B5,En-US
1997,Chevrolet,DETAIL,Tahoe,Smokey Carmel Metallic,65/WA333D,#8A5C36,En-US
1997,Chevrolet,DETAIL,Tahoe,White,50/WA8624,#EFEFE9,En-US
1997,Chevrolet,DETAIL,Venture,Aubergine Metallic,18/WA325D,#A28489,En-US
1997,Chevrolet,DETAIL,Venture,Black Sapphire Metallic,28/WA8743,#0A141A,En-US
1997,Chevrolet,DETAIL,Venture,Bright White,16/WA9753,#F9F8E9,En-US
1997,Chevrolet,DETAIL,Venture,Crimson King,09/WA321D,#9A1B0A,En-US
1997,Chevrolet,DETAIL,Venture,Dark Otter Metallic,32/WA200C,#062A0D,En-US
1997,Chevrolet,DETAIL,Venture,Dark Teal Pri Metallic,35/WA132A,#315F4F,En-US
1997,Chevrolet,DETAIL,Venture,Light Sandrift Metallic,49/WA220C,#AB996D,En-US
1997,Chevrolet,DETAIL,Venture,Medium Cloisonne Metallic,26/WA127A,#557DB9,En-US
1997,Chevrolet,DETAIL,Venture,Medium Dark Lichen Metallic,47/WA208C,#8C907E,En-US
1997,Chevrolet,DETAIL,Venture,Medium Sea Green Metallic,42/WA210C,#456D67,En-US
1997,Chevrolet,DETAIL,Venture,Silver Metallic,13/WA9021,#C0C0C0,En-US
1997,Chrysler,DETAIL,Cirrus,Black Crystal,X8/DX8,#0A1112,En-US
1997,Chrysler,DETAIL,Cirrus,Candy Apple Red Pearl Tricoat,H2/RH2,#BC121E,En-US
1997,Chrysler,DETAIL,Cirrus,Dark Chestnut Pearl,U1/TU1,#202716,En-US
1997,Chrysler,DETAIL,Cirrus,Dark Rosewood Pearl,EG/REG,#470F0F,En-US
1997,Chrysler,DETAIL,Cirrus,Deep Amethyst Pearl,CN/TCN,#170535,En-US
1997,Chrysler,DETAIL,Cirrus,Deep Hunter Green Pearl,G8/SG8,#06561E,En-US
1997,Chrysler,DETAIL,Cirrus,Light Gold Pearl,YL/SYL,#C19B5F,En-US
1997,Chrysler,DETAIL,Cirrus,Light Iris Pearl Metallic,C5/PC5,#999A9B,En-US
1997,Chrysler,DETAIL,Cirrus,Light Silverfern Pearl,JM/RJM,#BEBABA,En-US
1997,Chrysler,DETAIL,Cirrus,Medium Fern Green Pearl,JP/RJP,#647E48,En-US
1997,Chrysler,DETAIL,Cirrus,Stone White,W1/SW1,#F8FEE9,En-US
1997,Chrysler,DETAIL,Concorde,Black Crystal,X8/DX8,#0A1112,En-US
1997,Chrysler,DETAIL,Concorde,Brite Platinum Metallic,S4/MS4,#A2A09C,En-US
1997,Chrysler,DETAIL,Concorde,Candy Apple Red Metallic Tricoat,HC/RHC,#C00613,En-US
1997,Chrysler,DETAIL,Concorde,Deep Amethyst Pearl,CU/TCU,#170535,En-US
1997,Chrysler,DETAIL,Concorde,Island Teal S/G Pearl,P6/RP6,#5B8375,En-US
1997,Chrysler,DETAIL,Concorde,Opal S/G Pearl,W4/SW4,#B4B4B4,En-US
1997,Chrysler,DETAIL,Concorde,Spruce Pearl Metallic,PE/RPE,#075552,En-US
1997,Chrysler,DETAIL,Concorde,Stone White,W1/SW1,#F8FEE9,En-US
1997,Chrysler,DETAIL,Concorde,Wildberry Pearl,MB/MMB,#50283A,En-US
1997,Chrysler,DETAIL,LHS,Black Crystal,X8/DX8,#0A1112,En-US
1997,Chrysler,DETAIL,LHS,Brite Platinum Metallic,S4/MS4,#A2A09C,En-US
1997,Chrysler,DETAIL,LHS,Candy Apple Red Metallic Tricoat,HC/RHC,#C00613,En-US
1997,Chrysler,DETAIL,LHS,Deep Amethyst Pearl,CU/TCU,#170535,En-US
1997,Chrysler,DETAIL,LHS,Drama Gold Metallic,YK/SYK,#A19459,En-US
1997,Chrysler,DETAIL,LHS,Spruce Pearl Metallic,PE/RPE,#075552,En-US
1997,Chrysler,DETAIL,LHS,Stone White,W1/SW1,#F8FEE9,En-US
1997,Chrysler,DETAIL,LHS,Wildberry Pearl,MB/MMB,#50283A,En-US
1997,Chrysler,DETAIL,Sebring,Black,X13/PX8,#000000,En-US
1997,Chrysler,DETAIL,Sebring,Black Crystal,X8/DX8,#0A1112,En-US
1997,Chrysler,DETAIL,Sebring,Bright White,W12/PW7,#FCFFFB,En-US
1997,Chrysler,DETAIL,Sebring,Bright White,W7/GW7,#FCFFFB,En-US
1997,Chrysler,DETAIL,Sebring,Candy Apple Red Pearl Tricoat,H2/RH2,#BC121E,En-US
1997,Chrysler,DETAIL,Sebring,Deep Amethyst Pearl,CN/TCN,#170535,En-US
1997,Chrysler,DETAIL,Sebring,Deep Hunter Green Pearl,G8/SG8,#06561E,En-US
1997,Chrysler,DETAIL,Sebring,Flame Red,R4/PR4,#CA1C39,En-US
1997,Chrysler,DETAIL,Sebring,Light Autumnwood Pearl,S57/PEK,#C3A389,En-US
1997,Chrysler,DETAIL,Sebring,Light Gold Pearl,YL/SYL,#C19B5F,En-US
1997,Chrysler,DETAIL,Sebring,Light Iris Pearl Metallic,C5/PC5,#999A9B,En-US
1997,Chrysler,DETAIL,Sebring,Medium Fern Green Pearl,JP/RJP,#647E48,En-US
1997,Chrysler,DETAIL,Sebring,Paprika Red Pearl,P88/PRR,#AD1919,En-US
1997,Chrysler,DETAIL,Sebring,Pewter Blue Pearl,A87/PC7,#666573,En-US
1997,Chrysler,DETAIL,Sebring,Polo Green Pearl,G56/PGE,#047E74,En-US
1997,Chrysler,DETAIL,Sebring,Radiant Fire,R87/PRB,#CA1C39,En-US
1997,Chrysler,DETAIL,Sebring,Silver Mist Pearl,A52/PA5,#ABB4AE,En-US
1997,Chrysler,DETAIL,Sebring,Spanish Olive Pearl,L55/PFF,#7D6B43,En-US
1997,Chrysler,DETAIL,Sebring,Wild Orchid Pearl  II,MK/RMK,#8F798E,En-US
1997,Chrysler,DETAIL,Town & Country,Bright White,W7/GW7,#FCFFFB,En-US
1997,Chrysler,DETAIL,Town & Country,Candy Apple Red Pearl Tricoat,H2/RH2,#BC121E,En-US
1997,Chrysler,DETAIL,Town & Country,Dark Rosewood Pearl,EG/REG,#470F0F,En-US
1997,Chrysler,DETAIL,Town & Country,Deep Amethyst Pearl,CN/TCN,#170535,En-US
1997,Chrysler,DETAIL,Town & Country,Deep Hunter Green Pearl,G8/SG8,#06561E,En-US
1997,Chrysler,DETAIL,Town & Country,Flame Red,R4/PR4,#CA1C39,En-US
1997,Chrysler,DETAIL,Town & Country,Golden White Pearl Tri-coat,WP/SWP,#E8E7DC,En-US
1997,Chrysler,DETAIL,Town & Country,Island Teal S/G Pearl,PJ/SPJ,#75ABAA,En-US
1997,Chrysler,DETAIL,Town & Country,Light Gold Pearl,YL/SYL,#C19B5F,En-US
1997,Chrysler,DETAIL,Town & Country,Light Iris Pearl Metallic,C5/PC5,#999A9B,En-US
1997,Chrysler,DETAIL,Town & Country,Light Silverfern Pearl,JM/RJM,#BEBABA,En-US
1997,Chrysler,DETAIL,Town & Country,Taupe Metallic,TK/TTK,#585856,En-US
1997,Dodge,DETAIL,Avenger,Black,X13/PX8,#000000,En-US
1997,Dodge,DETAIL,Avenger,Bright White,W12/PW7,#F5FEF6,En-US
1997,Dodge,DETAIL,Avenger,Jade Metallic,T91/PQT,#1C885C,En-US
1997,Dodge,DETAIL,Avenger,Pewter Blue Pearl,A87/PC7,#666573,En-US
1997,Dodge,DETAIL,Avenger,Polo Green Pearl,G56/PGE,#0C6C30,En-US
1997,Dodge,DETAIL,Avenger,Radiant Fire,R87/PRB,#A51618,En-US
1997,Dodge,DETAIL,Avenger,Silver Mist Pearl,A52/PA5,#ABB4AE,En-US
1997,Dodge,DETAIL,Avenger,Spanish Olive Pearl,L55/PFF,#7D6B43,En-US
1997,Dodge,DETAIL,Dakota,Black Crystal,X8/DX8,#0A1112,En-US
1997,Dodge,DETAIL,Dakota,Bright Jade Pearl,QM/SQM,#1D7352,En-US
1997,Dodge,DETAIL,Dakota,Bright White,W7/GW7,#EDFFE9,En-US
1997,Dodge,DETAIL,Dakota,Brilliant Blue Pearl Metallic,CH/PCH,#1C468C,En-US
1997,Dodge,DETAIL,Dakota,Driftwood S/G Pearl Metallic,FA/MFA,#D2C192,En-US
1997,Dodge,DETAIL,Dakota,Emerald Green Pearl,GF/PGF,#07553E,En-US
1997,Dodge,DETAIL,Dakota,Flame Red,R4/PR4,#A7192F,En-US
1997,Dodge,DETAIL,Dakota,Magenta,H1/SH1,#9D1F6F,En-US
1997,Dodge,DETAIL,Dakota,Moss Green Pearl,JN/RJN,#45634B,En-US
1997,Dodge,DETAIL,Dakota,Radiant Fire Metallic,RF/LRF,#C41E1E,En-US
1997,Dodge,DETAIL,Grand Caravan,Bright White,W7/GW7,#EDFFE9,En-US
1997,Dodge,DETAIL,Grand Caravan,Candy Apple Red Pearl Tricoat,H2/RH2,#BC121E,En-US
1997,Dodge,DETAIL,Grand Caravan,Dark Rosewood Pearl,EG/REG,#470F0F,En-US
1997,Dodge,DETAIL,Grand Caravan,Deep Amethyst Pearl,CN/TCN,#06274C,En-US
1997,Dodge,DETAIL,Grand Caravan,Deep Hunter Green Pearl,G8/SG8,#095D25,En-US
1997,Dodge,DETAIL,Grand Caravan,Flame Red,R4/PR4,#A7192F,En-US
1997,Dodge,DETAIL,Grand Caravan,Golden White Pearl Tri-coat,WP/SWP,#DBE6E1,En-US
1997,Dodge,DETAIL,Grand Caravan,Island Teal S/G Pearl,PJ/SPJ,#5F8D77,En-US
1997,Dodge,DETAIL,Grand Caravan,Light Gold Pearl,YL/SYL,#C19B5F,En-US
1997,Dodge,DETAIL,Grand Caravan,Light Iris Pearl Metallic,C5/PC5,#A1ABA6,En-US
1997,Dodge,DETAIL,Grand Caravan,Light Silverfern Pearl,JM/RJM,#BEBABA,En-US
1997,Dodge,DETAIL,Grand Caravan,Taupe Metallic,TK/TTK,#2B322B,En-US
1997,Dodge,DETAIL,Intrepid,Black Crystal,X8/DX8,#0A1112,En-US
1997,Dodge,DETAIL,Intrepid,Brite Platinum Metallic,S4/MS4,#A2A09C,En-US
1997,Dodge,DETAIL,Intrepid,Candy Apple Red Metallic Tricoat,HC/RHC,#C00613,En-US
1997,Dodge,DETAIL,Intrepid,Deep Amethyst Pearl,CU/TCU,#170535,En-US
1997,Dodge,DETAIL,Intrepid,Island Teal S/G Pearl,P6/RP6,#5B8375,En-US
1997,Dodge,DETAIL,Intrepid,Opal S/G Pearl,W4/SW4,#B4B4B4,En-US
1997,Dodge,DETAIL,Intrepid,Spruce Pearl Metallic,PE/RPE,#075552,En-US
1997,Dodge,DETAIL,Intrepid,Stone White,W1/SW1,#F8FEE9,En-US
1997,Dodge,DETAIL,Intrepid,Wildberry Pearl,MB/MMB,#50283A,En-US
1997,Dodge,DETAIL,Stratus,Black Crystal,X8/DX8,#0A1112,En-US
1997,Dodge,DETAIL,Stratus,Candy Apple Red Pearl Tricoat,H2/RH2,#BC121E,En-US
1997,Dodge,DETAIL,Stratus,Dark Chestnut Pearl,U1/TU1,#202716,En-US
1997,Dodge,DETAIL,Stratus,Dark Rosewood Pearl,EG/REG,#470F0F,En-US
1997,Dodge,DETAIL,Stratus,Deep Amethyst Pearl,CN/TCN,#06274C,En-US
1997,Dodge,DETAIL,Stratus,Deep Hunter Green Pearl,G8/SG8,#095D25,En-US
1997,Dodge,DETAIL,Stratus,Light Gold Pearl,YL/SYL,#C19B5F,En-US
1997,Dodge,DETAIL,Stratus,Light Iris Pearl Metallic,C5/PC5,#A1ABA6,En-US
1997,Dodge,DETAIL,Stratus,Light Silverfern Pearl,JM/RJM,#BEBABA,En-US
1997,Dodge,DETAIL,Stratus,Medium Fern Green Pearl,JP/RJP,#647E48,En-US
1997,Dodge,DETAIL,Stratus,Stone White,W1/SW1,#F8FEE9,En-US
1997,Dodge,DETAIL,Viper,GTS Blue Pearl,BE/SBE,#0A15AC,En-US
1997,Dodge,DETAIL,Viper,Stone White,W1/SW1,#F8FEE9,En-US
1997,Dodge,DETAIL,Viper,Viper Black,X3/MX3,#000000,En-US
1997,Dodge,DETAIL,Viper,Viper Red,RN/LRN,#E82404,En-US
1997,Eagle,DETAIL,Talon,Black,X13/PX8,#000000,En-US
1997,Eagle,DETAIL,Talon,Bright White,W12/PW7,#F5FEF6,En-US
1997,Eagle,DETAIL,Talon,Jade Metallic,T91/PQT,#1C885C,En-US
1997,Eagle,DETAIL,Talon,Paprika Red Pearl,P88/PRR,#7A1010,En-US
1997,Eagle,DETAIL,Talon,Pewter Blue Pearl,A87/PC7,#666573,En-US
1997,Eagle,DETAIL,Talon,Polo Green Pearl,G56/PGE,#0C6C30,En-US
1997,Eagle,DETAIL,Talon,Radiant Fire,R87/PRB,#A51618,En-US
1997,Eagle,DETAIL,Talon,Spanish Olive Pearl,L55/PFF,#7D6B43,En-US
1997,Eagle,DETAIL,Vision,Black Crystal,X8/DX8,#0A1112,En-US
1997,Eagle,DETAIL,Vision,Brite Platinum Metallic,S4/MS4,#958B79,En-US
1997,Eagle,DETAIL,Vision,Candy Apple Red Metallic Tricoat,HC/RHC,#C00613,En-US
1997,Eagle,DETAIL,Vision,Deep Amethyst Pearl,CU/TCU,#170535,En-US
1997,Eagle,DETAIL,Vision,Spruce Pearl Metallic,PE/RPE,#075552,En-US
1997,Eagle,DETAIL,Vision,Stone White,W1/SW1,#F8FEE9,En-US
1997,Ford,DETAIL,Aerostar,Black Ebony,UA/M6373,#0D2212,En-US
1997,Ford,DETAIL,Aerostar,Crystal Blue (Interior),M4202H/FA4202,#9FB8C1,En-US
1997,Ford,DETAIL,Aerostar,Dark Lapis Metallic,KN/M6681,#152847,En-US
1997,Ford,DETAIL,Aerostar,Deep Jewel Green Metallic,PA/M6414,#065033,En-US
1997,Ford,DETAIL,Aerostar,Desert Violet Pearl,JC/M6759,#77313D,En-US
1997,Ford,DETAIL,Aerostar,Light Prairie Tan Metallic,BA/M6818,#CABF82,En-US
1997,Ford,DETAIL,Aerostar,Light Willow Metallic,SL/M6708,#A5B1AA,En-US
1997,Ford,DETAIL,Aerostar,Medium Willow Metallic,SH/M6715,#4A7C6D,En-US
1997,Ford,DETAIL,Aerostar,Oxford White,YZ/M6466,#EDF5EC,En-US
1997,Ford,DETAIL,Aerostar,Portofino Metallic,XC/M6623,#6E7390,En-US
1997,Ford,DETAIL,Aerostar,Silver Metallic,YN/M6505,#ACB3A6,En-US
1997,Ford,DETAIL,Aerostar,Toreador Red Pearl Metallic,FL/M6758,#901414,En-US
1997,Ford,DETAIL,Aspire,Bright Sapphire Pearl,JD,#3E36A8,En-US
1997,Ford,DETAIL,Aspire,Hot Red Metallic,FR,#800000,En-US
1997,Ford,DETAIL,Aspire,Lapis Metallic,X2/KV,#3AB1C6,En-US
1997,Ford,DETAIL,Aspire,Pacific Green Pearl,P8,#038909,En-US
1997,Ford,DETAIL,Aspire,Polar White,YD,#F9FBFD,En-US
1997,Ford,DETAIL,Contour,Alpine Green Metallic,SR/M6767,#134D39,En-US
1997,Ford,DETAIL,Contour,Black Ebony,UA/M6373,#0D2212,En-US
1997,Ford,DETAIL,Contour,Dark Toreador Red Pearl,JL/M6771,#7D2219,En-US
1997,Ford,DETAIL,Contour,Deep Navy Blue Metallic,K4/M6820,#2A3658,En-US
1997,Ford,DETAIL,Contour,Light Denim Blue Metallic,K1/M6815,#90A4B8,En-US
1997,Ford,DETAIL,Contour,Light Prairie Tan Metallic,BA/M6818,#CABF82,En-US
1997,Ford,DETAIL,Contour,Pacific Green Metallic,PS/M6764,#0F7358,En-US
1997,Ford,DETAIL,Contour,Performance White,WT/M6640,#F7F7DB,En-US
1997,Ford,DETAIL,Contour,Portofino Metallic,XC/M6623,#6E7390,En-US
1997,Ford,DETAIL,Contour,Pumice Metallic,DK/M6612,#B5B7A3,En-US
1997,Ford,DETAIL,Contour,Royal Blue Metallic,KM/M6479,#052A87,En-US
1997,Ford,DETAIL,Contour,Silver Frost Metallic,TS/M6720,#B9B9A7,En-US
1997,Ford,DETAIL,Contour,Teal Metallic,RD/M6630,#2A9C85,En-US
1997,Ford,DETAIL,Contour,Toreador Red Pearl Metallic,FL/M6758,#901414,En-US
1997,Ford,DETAIL,Contour,Willow Frost Pearl,SD/M6766,#B1BF9B,En-US
1997,Ford,DETAIL,Crown Victoria,Black Ebony,UA/M6373,#0D2212,En-US
1997,Ford,DETAIL,Crown Victoria,Dark Tourmaline Metallic,NA/M6572,#054335,En-US
1997,Ford,DETAIL,Crown Victoria,Deep Navy Blue Metallic,K4/M6820,#2A3658,En-US
1997,Ford,DETAIL,Crown Victoria,Ivory,HB/M6804,#E4E5B3,En-US
1997,Ford,DETAIL,Crown Victoria,Light Denim Blue Metallic,K1/M6815,#90A4B8,En-US
1997,Ford,DETAIL,Crown Victoria,Light Prairie Tan Metallic,BA/M6818,#CABF82,En-US
1997,Ford,DETAIL,Crown Victoria,Medium Wedgewood Metallic,LD/M6763,#526382,En-US
1997,Ford,DETAIL,Crown Victoria,Midnight Red Metallic,EN/M6697,#53131C,En-US
1997,Ford,DETAIL,Crown Victoria,Performance White,WT/M6640,#F7F7DB,En-US
1997,Ford,DETAIL,Crown Victoria,Silver Frost Metallic,TS/M6720,#B9B9A7,En-US
1997,Ford,DETAIL,Crown Victoria,Toreador Red Pearl Metallic,FL/M6758,#901414,En-US
1997,Ford,DETAIL,Crown Victoria,Vermont Green Metallic,F7/M6817,#759D7E,En-US
1997,Ford,DETAIL,Escort,Aquamarine Frost Metallic,PN/M6464,#618B7E,En-US
1997,Ford,DETAIL,Escort,Boysenberry Pearl,JK/M6760,#202984,En-US
1997,Ford,DETAIL,Escort,Ebony Satin Metallic,UC/M6816,#15120C,En-US
1997,Ford,DETAIL,Escort,Light Denim Blue Metallic,K1/M6815,#90A4B8,En-US
1997,Ford,DETAIL,Escort,Mocha Frost Metallic,DD/M6465,#C8A684,En-US
1997,Ford,DETAIL,Escort,Pacific Green Metallic,PS/M6764,#0F7358,En-US
1997,Ford,DETAIL,Escort,Performance White,WT/M6640,#F7F7DB,En-US
1997,Ford,DETAIL,Escort,Royal Plum Metallic,GS/M6701,#794378,En-US
1997,Ford,DETAIL,Escort,Silver Frost Metallic,TS/M6720,#B9B9A7,En-US
1997,Ford,DETAIL,Escort,Toreador Red Pearl Metallic,FL/M6758,#901414,En-US
1997,Ford,DETAIL,Escort,Vermillion,E4/M6470,#B81F1D,En-US
1997,Ford,DETAIL,Mustang,Aztec Gold Metallic,AZ/M6819,#AD8039,En-US
1997,Ford,DETAIL,Mustang,Black Ebony,UA/M6373,#0D2212,En-US
1997,Ford,DETAIL,Mustang,Bright Amber Metallic,BG/M6811,#9E4418,En-US
1997,Ford,DETAIL,Mustang,Dark Tourmaline Metallic,NA/M6572,#054335,En-US
1997,Ford,DETAIL,Mustang,Laser Red Pearl Metallic Tri-coat,E9/M6688,#89161C,En-US
1997,Ford,DETAIL,Mustang,Pacific Green Metallic,PS/M6764,#0F7358,En-US
1997,Ford,DETAIL,Mustang,Royal Blue Metallic,KM/M6479,#052A87,En-US
1997,Ford,DETAIL,Mustang,Thistle Pearl,JS/M6761,#4C1446,En-US
1997,Ford,DETAIL,Mustang,Ultra White,ZR/M6774,#F9FBFD,En-US
1997,Ford,DETAIL,Mustang,Vermillion Tricoat,E8/M6496,#A2171D,En-US
1997,Ford,DETAIL,Probe,Bosenberry Pearl,JJ,#000080,En-US
1997,Ford,DETAIL,Probe,Ebony,UB,#0D1411,En-US
1997,Ford,DETAIL,Probe,Laser Red Metallic Tricoat,HL,#D6204F,En-US
1997,Ford,DETAIL,Probe,N. Sahara Gold Metallic,BE,#D8C590,En-US
1997,Ford,DETAIL,Probe,Neat Green Pearl,SF,#0A5227,En-US
1997,Ford,DETAIL,Probe,Performance White,WP,#EFEEDF,En-US
1997,Ford,DETAIL,Probe,Rio Red Tricoat,EZ,#A11914,En-US
1997,Ford,DETAIL,Probe,Silver Frost Metallic,TU,#C7CEC6,En-US
1997,Ford,DETAIL,Probe,Teal Metallic,SK,#008486,En-US
1997,Ford,DETAIL,Probe,Timberline Metallic,CU,#84848A,En-US
1997,Ford,DETAIL,Ranger,Black Ebony,UA/M6373,#0D2212,En-US
1997,Ford,DETAIL,Ranger,Bright Sapphire Metallic,JA/M6704,#5F16CC,En-US
1997,Ford,DETAIL,Ranger,Cayman  Metallic,DA/M6487,#0D645C,En-US
1997,Ford,DETAIL,Ranger,Chrome Yellow,BZ/N6675,#FFE025,En-US
1997,Ford,DETAIL,Ranger,Dark Lapis Metallic,KN/M6681,#152847,En-US
1997,Ford,DETAIL,Ranger,Deep Iris Metallic,GP/M6709,#891539,En-US
1997,Ford,DETAIL,Ranger,Deep Jewel Green Metallic,PA/M6414,#065033,En-US
1997,Ford,DETAIL,Ranger,Desert Violet Pearl,JC/M6759,#77313D,En-US
1997,Ford,DETAIL,Ranger,Ivory Pearl Metallic Tri-coat,HA/M6718,#E2DEC5,En-US
1997,Ford,DETAIL,Ranger,Laser Red Pearl Metallic Tri-coat,E9/M6688,#89161C,En-US
1997,Ford,DETAIL,Ranger,Light Prairie Tan Metallic,BA/M6818,#CABF82,En-US
1997,Ford,DETAIL,Ranger,Light Willow Metallic,SL/M6708,#A5B1AA,En-US
1997,Ford,DETAIL,Ranger,Medium Graphite Metallic,TR/M6712,#958583,En-US
1997,Ford,DETAIL,Ranger,Medium Platinum Metallic,RC/M6454,#6C6C6C,En-US
1997,Ford,DETAIL,Ranger,Medium Willow Metallic,SH/M6715,#4A7C6D,En-US
1997,Ford,DETAIL,Ranger,Oxford White,YZ/M6466,#EDF5EC,En-US
1997,Ford,DETAIL,Ranger,Portofino Metallic,XC/M6623,#6E7390,En-US
1997,Ford,DETAIL,Ranger,Royal Blue Metallic,KM/M6479,#052A87,En-US
1997,Ford,DETAIL,Ranger,Silver Metallic,YN/M6505,#ACB3A6,En-US
1997,Ford,DETAIL,Ranger,Toreador Red Pearl Metallic,FL/M6758,#901414,En-US
1997,Ford,DETAIL,Ranger,Vermillion,E4/M6470,#B81F1D,En-US
1997,Ford,DETAIL,Windstar,Bright Amber Metallic,BG/M6811,#9E4418,En-US
1997,Ford,DETAIL,Windstar,Cypress Gold Pearl,BF/M6750,#C1A865,En-US
1997,Ford,DETAIL,Windstar,Laser Red Pearl Metallic Tri-coat,E9/M6688,#89161C,En-US
1997,Ford,DETAIL,Windstar,Light Denim Blue Metallic,K1/M6815,#90A4B8,En-US
1997,Ford,DETAIL,Windstar,Light Pine Green Metallic,D9/M6809,#6E8F83,En-US
1997,Ford,DETAIL,Windstar,Light Prairie Tan Metallic,BA/M6818,#CABF82,En-US
1997,Ford,DETAIL,Windstar,Midnight Red Metallic,EN/M6697,#53131C,En-US
1997,Ford,DETAIL,Windstar,Pacific Green Metallic,PS/M6764,#0F7358,En-US
1997,Ford,DETAIL,Windstar,Performance White,WT/M6640,#F7F7DB,En-US
1997,Ford,DETAIL,Windstar,Silver Frost Metallic,TS/M6720,#B9B9A7,En-US
1997,Ford,DETAIL,Windstar,Thistle Pearl,JS/M6761,#4C1446,En-US
1997,GMC,DETAIL,Jimmy,Aubergine Metallic,18/WA325D,#A28489,En-US
1997,GMC,DETAIL,Jimmy,Black,41/ WA8555,#121713,En-US
1997,GMC,DETAIL,Jimmy,Bright Red,72/WA7475,#971417,En-US
1997,GMC,DETAIL,Jimmy,Emerald Green Metallic,43/WA177B,#178739,En-US
1997,GMC,DETAIL,Jimmy,Fairway Green Metallic,87/WA309D,#235317,En-US
1997,GMC,DETAIL,Jimmy,Gray Metallic,90/WA8798,#999B9F,En-US
1997,GMC,DETAIL,Jimmy,Light Autumnwood Metallic,55/WA228A,#B5A78D,En-US
1997,GMC,DETAIL,Jimmy,Light Stellar Blue Metallic,27/WA146B,#91B0BF,En-US
1997,GMC,DETAIL,Jimmy,Medium Dark Pewter (Interior Color),92/WA110D,#8B816F,En-US
1997,GMC,DETAIL,Jimmy,Medium Red Metallic,94/WA9088,#710F11,En-US
1997,GMC,DETAIL,Jimmy,Silver Metallic,96/WA8867,#ABB6B5,En-US
1997,GMC,DETAIL,Jimmy,Smokey Carmel Metallic,65/WA333D,#8A5C36,En-US
1997,GMC,DETAIL,Jimmy,White,50/WA8624,#EFEFE9,En-US
1997,GMC,DETAIL,Safari,Aubergine Metallic,18/WA325D,#A28489,En-US
1997,GMC,DETAIL,Safari,Cyclamen Metallic,05/WA160B,#8B1944,En-US
1997,GMC,DETAIL,Safari,Emerald Green Metallic,43/WA177B,#178739,En-US
1997,GMC,DETAIL,Safari,Light Autumnwood Metallic,55/WA228A,#B5A78D,En-US
1997,GMC,DETAIL,Safari,Light Toreador Metallic,53/WA307D,#8F1515,En-US
1997,GMC,DETAIL,Safari,Medium Dark Lichen Metallic,47/WA208C,#8C907E,En-US
1997,GMC,DETAIL,Safari,Medium Dark Teal Metallic,36/WA9828,#0C6851,En-US
1997,GMC,DETAIL,Safari,Medium Stellar Blue Metallic,37/WA219C,#404494,En-US
1997,GMC,DETAIL,Safari,Red Maple Metallic,59/WA225C,#BB4845,En-US
1997,GMC,DETAIL,Safari,Silvermist Metallic,17/WA331D,#CECAAA,En-US
1997,GMC,DETAIL,Safari,White,10/WA9225,#EFFFEF,En-US
1997,GMC,DETAIL,Safari,Woodland Green Metallic,43U/WA299C,#087A0D,En-US
1997,GMC,DETAIL,Sonoma,Aubergine Metallic,18/WA325D,#A28489,En-US
1997,GMC,DETAIL,Sonoma,Black,41/ WA8555,#121713,En-US
1997,GMC,DETAIL,Sonoma,Bright Red,72/WA7475,#971417,En-US
1997,GMC,DETAIL,Sonoma,Emerald Green Metallic,43/WA177B,#178739,En-US
1997,GMC,DETAIL,Sonoma,Fairway Green Metallic,87/WA309D,#235317,En-US
1997,GMC,DETAIL,Sonoma,Gray Metallic,90/WA8798,#999B9F,En-US
1997,GMC,DETAIL,Sonoma,Light Autumnwood Metallic,55/WA228A,#B5A78D,En-US
1997,GMC,DETAIL,Sonoma,Light Stellar Blue Metallic,27/WA146B,#91B0BF,En-US
1997,GMC,DETAIL,Sonoma,Medium Dark Pewter (Interior Color),92/WA110D,#8B816F,En-US
1997,GMC,DETAIL,Sonoma,Medium Red Metallic,94/WA9088,#710F11,En-US
1997,GMC,DETAIL,Sonoma,Silver Metallic,96/WA8867,#ABB6B5,En-US
1997,GMC,DETAIL,Sonoma,Smokey Carmel Metallic,65/WA333D,#8A5C36,En-US
1997,GMC,DETAIL,Sonoma,White,50/WA8624,#EFEFE9,En-US
1997,GMC,DETAIL,Suburban,Aubergine Metallic,18/WA325D,#A28489,En-US
1997,GMC,DETAIL,Suburban,Black,41/ WA8555,#121713,En-US
1997,GMC,DETAIL,Suburban,Dark Cherry Metallic,77/WA9800,#6B2551,En-US
1997,GMC,DETAIL,Suburban,Emerald Green Metallic,43/WA177B,#178739,En-US
1997,GMC,DETAIL,Suburban,Indigo Metallic,39/WA9792,#0B536D,En-US
1997,GMC,DETAIL,Suburban,Medium Dark Pewter (Interior Color),92/WA110D,#8B816F,En-US
1997,GMC,DETAIL,Suburban,Opal Blue Metallic,24/WA305D,#718997,En-US
1997,GMC,DETAIL,Suburban,Red,74/WA9260,#A51814,En-US
1997,GMC,DETAIL,Suburban,Red Maple Metallic,59/WA225C,#BB4845,En-US
1997,GMC,DETAIL,Suburban,Silver Metallic,96/WA8867,#ABB6B5,En-US
1997,GMC,DETAIL,Suburban,Smokey Carmel Metallic,65/WA333D,#8A5C36,En-US
1997,GMC,DETAIL,Suburban,White,50/WA8624,#EFEFE9,En-US
1997,Honda,DETAIL,Civic,Adriatic Blue Pri Metallic,B-74P,#11136D,En-US
1997,Honda,DETAIL,Civic,Athlete Grey Metallic,NH-611M,#454141,En-US
1997,Honda,DETAIL,Civic,Bordeaux Red Pearl,R-78P,#922020,En-US
1997,Honda,DETAIL,Civic,Champion White,NHO,#FFFFFF,En-US
1997,Honda,DETAIL,Civic,Cyclone (Grayish) Blue Metallic,B-73M,#09888D,En-US
1997,Honda,DETAIL,Civic,Cypress Green Pearl,G-82P,#165024,En-US
1997,Honda,DETAIL,Civic,Dark Amethyst Pearl,PB-74P,#141472,En-US
1997,Honda,DETAIL,Civic,Frost White,NH-538,#F5F5F1,En-US
1997,Honda,DETAIL,Civic,Granada Black Metallic,NH-503P,#151517,En-US
1997,Honda,DETAIL,Civic,Inza Red Pearl,R-96P,#741513,En-US
1997,Honda,DETAIL,Civic,Milano Red,R-81,#9B1806,En-US
1997,Honda,DETAIL,Civic,Orange Pri Metallic,YR-513M,#A44422,En-US
1997,Honda,DETAIL,Civic,Roma Red,R-97,#9B1806,En-US
1997,Honda,DETAIL,Civic,San Marino Red,R-94,#741210,En-US
1997,Honda,DETAIL,Civic,Taffeta White,NH-578,#F1F3DB,En-US
1997,Honda,DETAIL,Civic,Vogue Silver Metallic,NH-583M,#CDCDCD,En-US
1997,Honda,DETAIL,CR-V,Cypress Green Pearl,G-82P,#165024,En-US
1997,Honda,DETAIL,CR-V,San Marino Red,R-94,#741210,En-US
1997,Honda,DETAIL,CR-V,Sebring Silver Metallic,NH-552M,#CAC9C6,En-US
1997,Honda,DETAIL,CR-V,Supermarine Pearl,B-84P,#174A7F,En-US
1997,Honda,DETAIL,Del Sol,Adriatic Blue Pri Metallic,B-74P,#11136D,En-US
1997,Honda,DETAIL,Del Sol,Cypress Green Pearl,G-82P,#165024,En-US
1997,Honda,DETAIL,Del Sol,Granada Black Metallic,NH-503P,#151517,En-US
1997,Honda,DETAIL,Del Sol,Milano Red,R-81,#9B1806,En-US
1997,Honda,DETAIL,Del Sol,Vogue Silver Metallic,NH-583M,#CDCDCD,En-US
1997,Honda,DETAIL,Odyssey,Black (Dark) Currant Pearl,RP-25P,#451046,En-US
1997,Honda,DETAIL,Odyssey,Bordeaux Red Pearl,R-78P,#922020,En-US
1997,Honda,DETAIL,Odyssey,Eucalyptus Green Pearl,G-83P,#50665D,En-US
1997,Honda,DETAIL,Odyssey,Heather Mist  Metallic,YR-508M,#C3C3A5,En-US
1997,Honda,DETAIL,Odyssey,Mystic (Teal) Blue Pearl,B-80P,#105564,En-US
1997,Honda,DETAIL,Odyssey,Seafoam Mist Metallic,BG-37M,#ABB5AB,En-US
1997,Honda,DETAIL,Odyssey,Taffeta White,NH-578,#F1F3DB,En-US
1997,Honda,DETAIL,Passport,Claret Red Pearl,731/R409,#AD0101,En-US
1997,Honda,DETAIL,Passport,Cream White,752/W101,#FAFCF0,En-US
1997,Honda,DETAIL,Passport,Ebony Black,826/001,#050505,En-US
1997,Honda,DETAIL,Passport,Huntsman Green Pearl,757/G103,#29412F,En-US
1997,Honda,DETAIL,Passport,Iron Gray Metallic,849/N031,#666664,En-US
1997,Honda,DETAIL,Passport,Light Silver Metallic,753/N105,#A0A89A,En-US
1997,Honda,DETAIL,Passport,Radiant Red,756/R103,#9C1918,En-US
1997,Honda,DETAIL,Prelude,Cypress Green Pearl,G-82P,#165024,En-US
1997,Honda,DETAIL,Prelude,Eucalyptus Green Pearl,G-83P,#50665D,En-US
1997,Honda,DETAIL,Prelude,Flamenco Black Pri Metallic,NH-592P,#000000,En-US
1997,Honda,DETAIL,Prelude,Granada Black Metallic,NH-503P,#151517,En-US
1997,Honda,DETAIL,Prelude,Nordic Mist Metallic,B-83M,#869A93,En-US
1997,Honda,DETAIL,Prelude,San Marino Red,R-94,#741210,En-US
1997,Honda,DETAIL,Prelude,Taffeta White,NH-578,#F1F3DB,En-US
1997,Honda,DETAIL,Prelude,Vogue Silver Metallic,NH-583M,#CDCDCD,En-US
1997,Hyundai,DETAIL,Sonata,Aquamarine Metallic,ZO,#778D9B,En-US
1997,Hyundai,DETAIL,Sonata,Bronze Green Pearl,BN,#3C5E38,En-US
1997,Hyundai,DETAIL,Sonata,Dynastic Blue Pearl,DJ,#1B1D4B,En-US
1997,Hyundai,DETAIL,Sonata,Ebony Black,EB,#0A0A0A,En-US
1997,Hyundai,DETAIL,Sonata,Emerald Green Pearl,EG,#126C32,En-US
1997,Hyundai,DETAIL,Sonata,Morocco Red Pearl,MT,#931111,En-US
1997,Hyundai,DETAIL,Sonata,Noble White,NW,#F5FEF1,En-US
1997,Hyundai,DETAIL,Sonata,Steel Gray Metallic,ZS,#5A5A62,En-US
1997,Hyundai,DETAIL,Sonata,Stone Gray Metallic,SH,#B3AD6D,En-US
1997,Hyundai,DETAIL,Tiburon,Cape Blue Metallic,YV,#17606B,En-US
1997,Hyundai,DETAIL,Tiburon,Deep Purple Pearl,DM,#3F0B63,En-US
1997,Hyundai,DETAIL,Tiburon,Ebony Black,EB,#0A0A0A,En-US
1997,Hyundai,DETAIL,Tiburon,Lima Blue Pearl,LA,#0C1C40,En-US
1997,Hyundai,DETAIL,Tiburon,Noble White,NW,#F5FEF1,En-US
1997,Hyundai,DETAIL,Tiburon,Poppy,XM,#DB3B22,En-US
1997,Hyundai,DETAIL,Tiburon,Sandalwood Metallic,OU,#D2CFAA,En-US
1997,Hyundai,DETAIL,Tiburon,Savannah Pearl,FS,#1F6721,En-US
1997,Infiniti,DETAIL,I30,Beige Pebble Metallic,CG2,#C7C09D,En-US
1997,Infiniti,DETAIL,I30,Black Obsidian,KH3,#121713,En-US
1997,Infiniti,DETAIL,I30,Brown Pearl,CP2,#774937,En-US
1997,Infiniti,DETAIL,I30,Dark Blue Metallic,BS3,#141B5A,En-US
1997,Infiniti,DETAIL,I30,Forest Green Pearl,DP0,#283E2C,En-US
1997,Infiniti,DETAIL,I30,Purple Metallic,LS6,#A395A3,En-US
1997,Infiniti,DETAIL,I30,Silver Crystal Metallic,KL0,#CECCC6,En-US
1997,Infiniti,DETAIL,I30,White Platinum Tri-coat Pearl,QN0,#E9F1E8,En-US
1997,Infiniti,DETAIL,J30,Beige Pebble Metallic,CG2,#C7C09D,En-US
1997,Infiniti,DETAIL,J30,Black Obsidian,KH3,#121713,En-US
1997,Infiniti,DETAIL,J30,Brown Pearl,CP2,#774937,En-US
1997,Infiniti,DETAIL,J30,Dark Red Purple Metallic,LP2,#6B0D5D,En-US
1997,Infiniti,DETAIL,J30,Forest Green Pearl,DP0,#283E2C,En-US
1997,Infiniti,DETAIL,J30,Ivory Quartz Tri-Coat Pearl,KH1,#E5E1CC,En-US
1997,Infiniti,DETAIL,J30,Pewter Pearl Metallic,KR5,#9AA27A,En-US
1997,Infiniti,DETAIL,J30,Silver Crystal Metallic,KL0,#CECCC6,En-US
1997,Infiniti,DETAIL,Q45,Black Obsidian,KH3,#121713,En-US
1997,Infiniti,DETAIL,Q45,Brown Pearl,CP2,#774937,En-US
1997,Infiniti,DETAIL,Q45,Dark Red Purple Metallic,LP2,#6B0D5D,En-US
1997,Infiniti,DETAIL,Q45,Espresso Metallic,CR2,#896037,En-US
1997,Infiniti,DETAIL,Q45,Forest Green Pearl,DP0,#283E2C,En-US
1997,Infiniti,DETAIL,Q45,Ivory Quartz Tri-Coat Pearl,KH1,#E5E1CC,En-US
1997,Infiniti,DETAIL,Q45,Pewter Pearl Metallic,KR5,#9AA27A,En-US
1997,Infiniti,DETAIL,Q45,Silver Crystal Metallic,KL0,#CECCC6,En-US
1997,Infiniti,DETAIL,QX4,Ancient Bronze Pearl,ES1,#49440D,En-US
1997,Infiniti,DETAIL,QX4,Antique Pine Pearl,DR3,#537C52,En-US
1997,Infiniti,DETAIL,QX4,Black Obsidian,KH3,#121713,En-US
1997,Infiniti,DETAIL,QX4,Brown Pearl,CP2,#774937,En-US
1997,Infiniti,DETAIL,QX4,Dark Blue Metallic,BS3,#141B5A,En-US
1997,Infiniti,DETAIL,QX4,Tuscan Beige Metallic,CR0,#D1C971,En-US
1997,Infiniti,DETAIL,QX4,White Pearl Tri-coat,WK0,#FAFCF3,En-US
1997,Infiniti,DETAIL,QX4,Yellow Silver Metallic,KR3,#B5B791,En-US
1997,Isuzu,DETAIL,Hombre,Black (matt),001-P11,#12180B,En-US
1997,Isuzu,DETAIL,Hombre,Dark Gray (matt),0147-P12,#47585D,En-US
1997,Isuzu,DETAIL,Hombre,Emerald Green Metallic,43/WA177B,#115533,En-US
1997,Isuzu,DETAIL,Hombre,Olympic White,50/WA8624,#EFEFE9,En-US
1997,Isuzu,DETAIL,Hombre,Onyx Black,41/WA8555,#020202,En-US
1997,Isuzu,DETAIL,Hombre,Standard Red,72/WA7475,#A81119,En-US
1997,Isuzu,DETAIL,Hombre,Ultra Silver Metallic,96/WA8867,#C0C0C0,En-US
1997,Isuzu,DETAIL,Oasis,Black (matt),001-P11,#12180B,En-US
1997,Isuzu,DETAIL,Oasis,Bordeaux Red Pearl,R-78P,#930707,En-US
1997,Isuzu,DETAIL,Oasis,Cypress Green Pearl,G-82P,#186A27,En-US
1997,Isuzu,DETAIL,Oasis,Dark Gray (matt),0147-P12,#47585D,En-US
1997,Isuzu,DETAIL,Oasis,Green Silver Metallic,BG-37M,#7B959A,En-US
1997,Isuzu,DETAIL,Oasis,Spruce Morning Blue Pearl,B-84P,#20557E,En-US
1997,Isuzu,DETAIL,Oasis,Taffeta White,NH-578,#EAF2EC,En-US
1997,Isuzu,DETAIL,Rodeo,Black (matt),001-P11,#12180B,En-US
1997,Isuzu,DETAIL,Rodeo,Claret Red Pearl,731,#C53135,En-US
1997,Isuzu,DETAIL,Rodeo,Claret Red Pearl,731/R409,#C53135,En-US
1997,Isuzu,DETAIL,Rodeo,Cream White,752,#FAFCEC,En-US
1997,Isuzu,DETAIL,Rodeo,Cream White,752/W101,#FAFCEC,En-US
1997,Isuzu,DETAIL,Rodeo,Dark Gray (matt),0147-P12,#47585D,En-US
1997,Isuzu,DETAIL,Rodeo,Ebony Black,826,#000000,En-US
1997,Isuzu,DETAIL,Rodeo,Ebony Black,826/001,#050505,En-US
1997,Isuzu,DETAIL,Rodeo,Golden Yellow Pearl Metallic,703,#D9A64D,En-US
1997,Isuzu,DETAIL,Rodeo,Iron Gray Metallic,849/N031,#6F6F6F,En-US
1997,Isuzu,DETAIL,Rodeo,Light Silver Metallic,714,#A3A598,En-US
1997,Isuzu,DETAIL,Rodeo,Light Silver Metallic,714/N417,#A3A598,En-US
1997,Isuzu,DETAIL,Rodeo,Radiant Red,756/R103,#A90911,En-US
1997,Isuzu,DETAIL,Rodeo,Spruce Green Metallic,833/G711,#116737,En-US
1997,Isuzu,DETAIL,Rodeo,Stratus Blue Metallic,703/B502,#57537B,En-US
1997,Isuzu,DETAIL,Rodeo,Trooper Blue,833,#091F1C,En-US
1997,Isuzu,DETAIL,Trooper,Black (matt),001-P11,#12180B,En-US
1997,Isuzu,DETAIL,Trooper,Bronze Blue Pearl,760,#2A2149,En-US
1997,Isuzu,DETAIL,Trooper,Bronze Blue Pearl,760/B103,#2A2149,En-US
1997,Isuzu,DETAIL,Trooper,Cream White,752,#FAFCEC,En-US
1997,Isuzu,DETAIL,Trooper,Cream White,752/W101,#FAFCEC,En-US
1997,Isuzu,DETAIL,Trooper,Dark Gray (matt),0147-P12,#47585D,En-US
1997,Isuzu,DETAIL,Trooper,Ebony Black,826,#000000,En-US
1997,Isuzu,DETAIL,Trooper,Ebony Black,826/001,#050505,En-US
1997,Isuzu,DETAIL,Trooper,Fir Green Pearl,871-G501,#44703E,En-US
1997,Isuzu,DETAIL,Trooper,Iron Gray Metallic,849,#6F6F6F,En-US
1997,Isuzu,DETAIL,Trooper,Iron Gray Metallic,849/N031,#6F6F6F,En-US
1997,Isuzu,DETAIL,Trooper,Light Antelope Metallic,761,#DED78A,En-US
1997,Isuzu,DETAIL,Trooper,Light Silver Metallic,753,#ADB8A8,En-US
1997,Isuzu,DETAIL,Trooper,Light Silver Metallic,753/N105,#ADB8A8,En-US
1997,Isuzu,DETAIL,Trooper,Moderate Blue Pearl,761/B603,#8EA3AA,En-US
1997,Isuzu,DETAIL,Trooper,New Medium Brown Metallic,754,#5B4C3B,En-US
1997,Isuzu,DETAIL,Trooper,Red Rock Pearl,872-R501,#960E28,En-US
1997,Isuzu,DETAIL,Trooper,Sky Blue Metallic,823,#AECFE2,En-US
1997,Isuzu,DETAIL,Trooper,Windsor Blue Pearl,755,#2D3655,En-US
1997,Kia,DETAIL,Sephia,Beet Silver Metallic,C2,#96A3AC,En-US
1997,Kia,DETAIL,Sephia,Blaze Red,SQ,#DE0000,En-US
1997,Kia,DETAIL,Sephia,Brave Blue Pearl,B4,#000040,En-US
1997,Kia,DETAIL,Sephia,Crystal White,UC,#FFFFFF,En-US
1997,Kia,DETAIL,Sephia,Ebony Black,EB,#0E1407,En-US
1997,Kia,DETAIL,Sephia,Elegant Beige Metallic,D1,#9F9179,En-US
1997,Kia,DETAIL,Sephia,Navy Blue Pearl,2A,#040652,En-US
1997,Kia,DETAIL,Sephia,Olive Green Pearl,5C,#044404,En-US
1997,Kia,DETAIL,Sephia,Red Pearl,1B,#8F0F0F,En-US
1997,Kia,DETAIL,Sephia,Turquoise Blue Metallic,L2,#07707F,En-US
1997,Kia,DETAIL,Sephia,Whisper Green Pearl,5L,#083608,En-US
1997,Kia,DETAIL,Sportage,Beet Silver Metallic,C2,#96A3AC,En-US
1997,Kia,DETAIL,Sportage,Blaze Red,SQ,#DE0000,En-US
1997,Kia,DETAIL,Sportage,Brave Blue Pearl,B4,#000040,En-US
1997,Kia,DETAIL,Sportage,Cobalt Blue Pearl,Z7,#5F6EA5,En-US
1997,Kia,DETAIL,Sportage,Crystal White,UC,#FFFFFF,En-US
1997,Kia,DETAIL,Sportage,Ebony Black,EB,#0E1407,En-US
1997,Kia,DETAIL,Sportage,Elegant Beige Metallic,D1,#9F9179,En-US
1997,Kia,DETAIL,Sportage,Iris Metallic,E4,#BA0C3D,En-US
1997,Kia,DETAIL,Sportage,Olive Green Pearl,5C,#044404,En-US
1997,Kia,DETAIL,Sportage,Pop Yellow,TN,#FFC21D,En-US
1997,Kia,DETAIL,Sportage,Red Pearl,1B,#8F0F0F,En-US
1997,Kia,DETAIL,Sportage,Turquoise Blue Metallic,L2,#07707F,En-US
1997,Lexus,DETAIL,ES 300,Beige Metallic,4M9,#E7D8B1,En-US
1997,Lexus,DETAIL,ES 300,Black Onyx,202,#0A1A10,En-US
1997,Lexus,DETAIL,ES 300,Dark Blue Pearl Metallic,8L3,#281B67,En-US
1997,Lexus,DETAIL,ES 300,Dark Gray Metallic  (Cladding),UCA138,#6F7277,En-US
1997,Lexus,DETAIL,ES 300,Dark Gray Metallic  (Cladding),UCA45,#4A5464,En-US
1997,Lexus,DETAIL,ES 300,Dark Green Pearl Metallic,6P2,#055B3E,En-US
1997,Lexus,DETAIL,ES 300,Dark Red Pearl Metallic  (Cladding),UCA3K2,#5A0C19,En-US
1997,Lexus,DETAIL,ES 300,Diamond White Pearl Tri-coat,51,#FAFCEE,En-US
1997,Lexus,DETAIL,ES 300,Flaxen Pearl,4M7,#DEE5C3,En-US
1997,Lexus,DETAIL,ES 300,Gray Metallic  (Cladding),UCAA3,#70785A,En-US
1997,Lexus,DETAIL,ES 300,Gray Pearl Metallic,1B2,#A6AB97,En-US
1997,Lexus,DETAIL,ES 300,Light Gray Metallic  (Cladding),UCAA2,#90918F,En-US
1997,Lexus,DETAIL,ES 300,Light Grayish Beige Metallic   (Cladding),UA46,#B2AD9E,En-US
1997,Lexus,DETAIL,ES 300,Light Grayish Beige Metallic  (Cladding),UCA46,#B2AD9E,En-US
1997,Lexus,DETAIL,ES 300,Pewter Pearl Metallic  (Cladding),UC196,#8A8F96,En-US
1997,Lexus,DETAIL,ES 300,Ruby Pearl,3L3,#7F2F4B,En-US
1997,Lexus,DETAIL,ES 300,Silver Metallic  (Cladding),UC178,#C3CABC,En-US
1997,Lexus,DETAIL,ES 300,Super Silver 3 Metallic,176,#D2D3D6,En-US
1997,Lexus,DETAIL,ES 300,Warm Gray Tri-Coat Pearl,46,#D2D2C5,En-US
1997,Lexus,DETAIL,GS 300,Alpine Silver Metallic,199,#CECACA,En-US
1997,Lexus,DETAIL,GS 300,Beige Metallic,4M9,#E7D8B1,En-US
1997,Lexus,DETAIL,GS 300,Black Onyx,202,#0A1A10,En-US
1997,Lexus,DETAIL,GS 300,Dark Gray Pearl Metallic  (Cladding),UCA93,#3F3C35,En-US
1997,Lexus,DETAIL,GS 300,Diamond White Pearl Tri-coat,51,#FAFCEE,En-US
1997,Lexus,DETAIL,GS 300,Ebony Teal Pearl,6N9,#387058,En-US
1997,Lexus,DETAIL,GS 300,Moonstone Pearl,6N0,#A9B381,En-US
1997,Lexus,DETAIL,GS 300,Ruby Pearl,3L3,#7F2F4B,En-US
1997,Lexus,DETAIL,GS 300,Silver Metallic   (Cladding),UCA29,#BDC4B4,En-US
1997,Lexus,DETAIL,GS 300,Silver Metallic  (Cladding),UCA29,#BDC4B4,En-US
1997,Lexus,DETAIL,GS 300,Star Sapphire Pearl,8L1,#1B4F7B,En-US
1997,Lexus,DETAIL,LS 400,Alpine Silver Metallic,199,#CECACA,En-US
1997,Lexus,DETAIL,LS 400,Beige Metallic,4M9,#E7D8B1,En-US
1997,Lexus,DETAIL,LS 400,Beige Metallic   (Cladding),UCA77,#C0B556,En-US
1997,Lexus,DETAIL,LS 400,Black Onyx,202,#0A1A10,En-US
1997,Lexus,DETAIL,LS 400,Blue Gray Metallic   (Cladding),UA32,#6F757D,En-US
1997,Lexus,DETAIL,LS 400,Crystal Quartz Metallic,4N1,#A99F8F,En-US
1997,Lexus,DETAIL,LS 400,Dark Gray Metallic  (Cladding),UA31,#40443A,En-US
1997,Lexus,DETAIL,LS 400,Dark Gray Metallic  (Cladding),UCA31,#40443A,En-US
1997,Lexus,DETAIL,LS 400,Dark Green Pearl Metallic,6P3,#1E501F,En-US
1997,Lexus,DETAIL,LS 400,Dark Taupe Metallic  (Cladding),UCA78,#746C58,En-US
1997,Lexus,DETAIL,LS 400,Diamond White Pearl Tri-coat,51,#FAFCEE,En-US
1997,Lexus,DETAIL,LS 400,Ebony Teal Pearl,6N9,#387058,En-US
1997,Lexus,DETAIL,LS 400,Gray Metallic   (Cladding),UCA75,#D2CCCD,En-US
1997,Lexus,DETAIL,LS 400,Greenish Gray Metallic  (Cladding),UCAA5,#8D998D,En-US
1997,Lexus,DETAIL,LS 400,Light Green Opal Metallic,6P7,#C6D8B2,En-US
1997,Lexus,DETAIL,LS 400,Med. Gray Metallic  (Cladding),6N 0,#9DBB95,En-US
1997,Lexus,DETAIL,LS 400,Medium Gray Metallic   (Cladding),UCA76,#56674B,En-US
1997,Lexus,DETAIL,LS 400,Medium Gray Metallic  (Cladding),6 N0,#787878,En-US
1997,Lexus,DETAIL,LS 400,Moonstone Pearl,6N0,#A9B381,En-US
1997,Lexus,DETAIL,LS 400,Silver Metallic   (Cladding),UCA29,#BDC4B4,En-US
1997,Lexus,DETAIL,LS 400,Silver Metallic  (Cladding),UCA29,#BDC4B4,En-US
1997,Lexus,DETAIL,LS 400,Star Sapphire Pearl,8L1,#1B4F7B,En-US
1997,Lexus,DETAIL,LS 400,Warm Gray Tri-Coat Pearl,46,#D2D2C5,En-US
1997,Lexus,DETAIL,LX 450,Beige Metallic,4M9,#E7D8B1,En-US
1997,Lexus,DETAIL,LX 450,Black Onyx,202,#0A1A10,En-US
1997,Lexus,DETAIL,LX 450,Champagne Pearl,1B1,#B0B092,En-US
1997,Lexus,DETAIL,LX 450,Dark Gray Metallic  (Cladding),UA31,#40443A,En-US
1997,Lexus,DETAIL,LX 450,Dark Gray Metallic  (Cladding),UCA31,#40443A,En-US
1997,Lexus,DETAIL,LX 450,Dark Green Pearl,6M1,#42745E,En-US
1997,Lexus,DETAIL,LX 450,Dark Taupe Metallic  (Cladding),UCA78,#746C58,En-US
1997,Lexus,DETAIL,LX 450,Light Grayish Beige Metallic   (Cladding),UA46,#B2AD9E,En-US
1997,Lexus,DETAIL,LX 450,Light Grayish Beige Metallic  (Cladding),UCA46,#B2AD9E,En-US
1997,Lexus,DETAIL,LX 450,White,45,#EEEEEE,En-US
1997,Mazda,DETAIL,626,Alpine White,UK,#F6F4F4,En-US
1997,Mazda,DETAIL,626,Alpine White,UK/WP,#E9E5E5,En-US
1997,Mazda,DETAIL,626,Black Onyx,NN,#191014,En-US
1997,Mazda,DETAIL,626,Burgundy Brilliant Pearl,B1,#591515,En-US
1997,Mazda,DETAIL,626,Designer Red Metallic,13B,#800000,En-US
1997,Mazda,DETAIL,626,Driftwood Metallic,11B,#6B6251,En-US
1997,Mazda,DETAIL,626,Mojave Beige Metallic,11F,#908B72,En-US
1997,Mazda,DETAIL,626,Mojave Beige Metallic,11F/BE,#DFD5A7,En-US
1997,Mazda,DETAIL,626,Neat Green Pearl,5S,#0B5F13,En-US
1997,Mazda,DETAIL,626,Neat Green Pearl,5S/SF,#1C5829,En-US
1997,Mazda,DETAIL,626,Slate Blue Metallic,11G,#808188,En-US
1997,Mazda,DETAIL,626,Timberline Pearl,C8,#79A276,En-US
1997,Mazda,DETAIL,626,Timberline Pearl,C8/CU,#8C958B,En-US
1997,Mazda,DETAIL,B-Series Pickup,Black Ebony,UA/14K,#120F11,En-US
1997,Mazda,DETAIL,B-Series Pickup,Bright Red,EP/UD,#B5271B,En-US
1997,Mazda,DETAIL,B-Series Pickup,Bright Sapphire Metallic,JA/14J,#700896,En-US
1997,Mazda,DETAIL,B-Series Pickup,Dark Tourmaline Metallic,NA/17J,#0D5342,En-US
1997,Mazda,DETAIL,B-Series Pickup,Light Prairie Tan Metallic,BA/17F,#BAA37E,En-US
1997,Mazda,DETAIL,B-Series Pickup,Medium Graphite Metallic,TR/17H,#757269,En-US
1997,Mazda,DETAIL,B-Series Pickup,Toreador Red Pearl Metallic,FL/17G,#700E15,En-US
1997,Mazda,DETAIL,B-Series Pickup,White,YZ/14L,#F7FEF6,En-US
1997,Mazda,DETAIL,Millenia,Autumn Red Pearl,15Y,#6B1B32,En-US
1997,Mazda,DETAIL,Millenia,Brilliant Black,PZ/PX,#191014,En-US
1997,Mazda,DETAIL,Millenia,Champagne Silver Pearl,4F,#BBBFA1,En-US
1997,Mazda,DETAIL,Millenia,Excellent Green Pearl,11Q,#0C4A19,En-US
1997,Mazda,DETAIL,Millenia,Gardenia White Tri-coat Pearl,5U,#EEF0DF,En-US
1997,Mazda,DETAIL,Millenia,Indigo Blue Metallic,12N,#4C4357,En-US
1997,Mazda,DETAIL,Millenia,Mid Green Pearl,15X,#5B915E,En-US
1997,Mazda,DETAIL,MPV,Brilliant Black,PZ,#070707,En-US
1997,Mazda,DETAIL,MPV,Brilliant Black,PZ/PX,#191014,En-US
1997,Mazda,DETAIL,MPV,Champagne Silver Pearl,4F,#BBBFA1,En-US
1997,Mazda,DETAIL,MPV,Chaste White,PT,#F9FBFD,En-US
1997,Mazda,DETAIL,MPV,Crimson Metallic,11L,#90181E,En-US
1997,Mazda,DETAIL,MPV,Indigo Blue Metallic,12N,#4C4357,En-US
1997,Mazda,DETAIL,MPV,Marina Green Pearl,13C,#455F4A,En-US
1997,Mazda,DETAIL,MPV,Mid Green Pearl,15X,#5B915E,En-US
1997,Mazda,DETAIL,MPV,Silent Silver Metallic,4Z,#889187,En-US
1997,Mazda,DETAIL,MX6,Alpine White,UK/WP,#E9E5E5,En-US
1997,Mazda,DETAIL,MX6,Black Onyx,NN,#191014,En-US
1997,Mazda,DETAIL,MX6,Driftwood Metallic,11B,#6B6251,En-US
1997,Mazda,DETAIL,MX6,Kauai Blue,13A,#0509A3,En-US
1997,Mazda,DETAIL,MX6,Laser Red Metallic Tricoat,NX/HL,#991919,En-US
1997,Mazda,DETAIL,MX6,Neat Green Pearl,5S/SF,#1C5829,En-US
1997,Mazda,DETAIL,MX6,Timberline Pearl,C8/CU,#8C958B,En-US
1997,Mazda,DETAIL,Protege,Aquarius Blue Pearl,12R,#1077AC,En-US
1997,Mazda,DETAIL,Protege,Brilliant Black,PZ/PX,#191014,En-US
1997,Mazda,DETAIL,Protege,Champagne Silver Pearl,4F,#BBBFA1,En-US
1997,Mazda,DETAIL,Protege,Chaste White,PT,#F9FBFD,En-US
1997,Mazda,DETAIL,Protege,Everglades Metallic,11N,#2A3758,En-US
1997,Mazda,DETAIL,Protege,Moon Light Gray Metallic,12M,#85795D,En-US
1997,Mazda,DETAIL,Protege,Oriental Red Pearl,12H,#8B1327,En-US
1997,Mazda,DETAIL,Protege,Sparkle Green Metallic,11R,#1E8656,En-US
1997,Mercury,DETAIL,Cougar,Alpine Green Metallic,SR/M6767,#134D39,En-US
1997,Mercury,DETAIL,Cougar,Arctic Green Metallic,D8/M6810,#B9C393,En-US
1997,Mercury,DETAIL,Cougar,Black Ebony,UA/M6373,#0D2212,En-US
1997,Mercury,DETAIL,Cougar,Crystal White Pearl Tricoat,WZ,#FAF6EC,En-US
1997,Mercury,DETAIL,Cougar,Laser Red Tri-Coat Pearl Metallic,E9/M6688,#C9151E,En-US
1997,Mercury,DETAIL,Cougar,Light Denim Blue Metallic,K1/M6815,#90A4B8,En-US
1997,Mercury,DETAIL,Cougar,Light Prairie Tan Metallic,BA/M6818,#CABF82,En-US
1997,Mercury,DETAIL,Cougar,Pacific Green Metallic,PS/M6764,#0F7358,En-US
1997,Mercury,DETAIL,Cougar,Performance White,WT/M6640,#F7F7DB,En-US
1997,Mercury,DETAIL,Cougar,Performance White Tri-Coat Pearl Metallic,WR/M6669,#F9FEE6,En-US
1997,Mercury,DETAIL,Cougar,Royal Blue Metallic,KM/M6479,#052A87,En-US
1997,Mercury,DETAIL,Cougar,Silver Frost Metallic,TS/M6720,#B9B9A7,En-US
1997,Mercury,DETAIL,Grand Marquis,Black Ebony,UA/M6373,#0D2212,En-US
1997,Mercury,DETAIL,Grand Marquis,Dark Tourmaline Metallic,NA/M6572,#054335,En-US
1997,Mercury,DETAIL,Grand Marquis,Deep Navy Blue Metallic,K4/M6820,#2A3658,En-US
1997,Mercury,DETAIL,Grand Marquis,Ivory,HB/M6804,#E8C786,En-US
1997,Mercury,DETAIL,Grand Marquis,Light Denim Blue Metallic,K1/M6815,#90A4B8,En-US
1997,Mercury,DETAIL,Grand Marquis,Light Prairie Tan Metallic,BA/M6818,#CABF82,En-US
1997,Mercury,DETAIL,Grand Marquis,Medium Wedgewood Metallic,LD/M6763,#526382,En-US
1997,Mercury,DETAIL,Grand Marquis,Midnight Red Metallic,EN/M6697,#53131C,En-US
1997,Mercury,DETAIL,Grand Marquis,Performance White,WT/M6640,#F7F7DB,En-US
1997,Mercury,DETAIL,Grand Marquis,Silver Frost Metallic,TS/M6720,#B9B9A7,En-US
1997,Mercury,DETAIL,Grand Marquis,Toreador Red Pearl Metallic,FL/M6758,#901414,En-US
1997,Mercury,DETAIL,Grand Marquis,Vermont Green Metallic,F7/M6817,#759D7E,En-US
1997,Mercury,DETAIL,Mountaineer,Black Ebony,UA/M6373,#0D2212,En-US
1997,Mercury,DETAIL,Mountaineer,Bright Sapphire Metallic,JA/M6704,#5F16CC,En-US
1997,Mercury,DETAIL,Mountaineer,Cayman  Metallic,DA/M6487,#0D645C,En-US
1997,Mercury,DETAIL,Mountaineer,Chrome Yellow,BZ/N6675,#FFE025,En-US
1997,Mercury,DETAIL,Mountaineer,Dark Lapis Metallic,KN/M6681,#17352A,En-US
1997,Mercury,DETAIL,Mountaineer,Deep Iris Metallic,GP/M6709,#891539,En-US
1997,Mercury,DETAIL,Mountaineer,Deep Jewel Green Metallic,PA/M6414,#065033,En-US
1997,Mercury,DETAIL,Mountaineer,Desert Violet Pearl,JC/M6759,#77313D,En-US
1997,Mercury,DETAIL,Mountaineer,Ivory Pearl Metallic Tri-coat,HA/M6718,#E2DEC5,En-US
1997,Mercury,DETAIL,Mountaineer,Light Prairie Tan Metallic,BA/M6818,#CABF82,En-US
1997,Mercury,DETAIL,Mountaineer,Light Willow Metallic,SL/M6708,#A5B1AA,En-US
1997,Mercury,DETAIL,Mountaineer,Medium Graphite Metallic,TR/M6712,#958583,En-US
1997,Mercury,DETAIL,Mountaineer,Medium Willow Metallic,SH/M6715,#4A7C6D,En-US
1997,Mercury,DETAIL,Mountaineer,Oxford White,YZ/M6466,#EDF5EC,En-US
1997,Mercury,DETAIL,Mountaineer,Portofino Metallic,XC/M6623,#6E7390,En-US
1997,Mercury,DETAIL,Mountaineer,Silver Metallic,YN/M6505,#ACB3A6,En-US
1997,Mercury,DETAIL,Mountaineer,Toreador Red Pearl Metallic,FL/M6758,#901414,En-US
1997,Mercury,DETAIL,Mountaineer,Vermillion,E4/M6470,#B81F1D,En-US
1997,Mercury,DETAIL,Mystique,Alpine Green Metallic,SR/M6767,#134D39,En-US
1997,Mercury,DETAIL,Mystique,Black Ebony,UA/M6373,#0D2212,En-US
1997,Mercury,DETAIL,Mystique,Dark Toreador Red Pearl,JL/M6771,#7D2219,En-US
1997,Mercury,DETAIL,Mystique,Deep Navy Blue Metallic,K4/M6820,#2A3658,En-US
1997,Mercury,DETAIL,Mystique,Light Denim Blue Metallic,K1/M6815,#90A4B8,En-US
1997,Mercury,DETAIL,Mystique,Light Prairie Tan Metallic,BA/M6818,#CABF82,En-US
1997,Mercury,DETAIL,Mystique,Pacific Green Metallic,PS/M6764,#0F7358,En-US
1997,Mercury,DETAIL,Mystique,Performance White,WT/M6640,#F7F7DB,En-US
1997,Mercury,DETAIL,Mystique,Portofino Metallic,XC/M6623,#6E7390,En-US
1997,Mercury,DETAIL,Mystique,Pumice Metallic,DK/M6612,#B5B7A3,En-US
1997,Mercury,DETAIL,Mystique,Royal Blue Metallic,KM/M6479,#052A87,En-US
1997,Mercury,DETAIL,Mystique,Silver Frost Metallic,TS/M6720,#B9B9A7,En-US
1997,Mercury,DETAIL,Mystique,Teal Metallic,RD/M6630,#098379,En-US
1997,Mercury,DETAIL,Mystique,Toreador Red Pearl Metallic,FL/M6758,#901414,En-US
1997,Mercury,DETAIL,Mystique,Willow Frost Pearl,SD/M6766,#939785,En-US
1997,Mercury,DETAIL,Sable,Ebony Satin Metallic,UC/M6816,#15120C,En-US
1997,Mercury,DETAIL,Sable,Light Denim Blue Metallic,K1/M6815,#90A4B8,En-US
1997,Mercury,DETAIL,Sable,Light Saddle Metallic,DZ/M6754,#CDAB71,En-US
1997,Mercury,DETAIL,Sable,Medium Willow Metallic,SH/M6715,#4A7C6D,En-US
1997,Mercury,DETAIL,Sable,Pacific Green Metallic,PS/M6764,#0F7358,En-US
1997,Mercury,DETAIL,Sable,Performance White,WT/M6640,#F7F7DB,En-US
1997,Mercury,DETAIL,Sable,Royal Blue Metallic,KM/M6479,#052A87,En-US
1997,Mercury,DETAIL,Sable,Silver Frost Metallic,TS/M6720,#B9B9A7,En-US
1997,Mercury,DETAIL,Sable,Toreador Red Pearl Metallic,FL/M6758,#901414,En-US
1997,Mercury,DETAIL,Tracer,Aquamarine Frost Metallic,PN/M6464,#618B7E,En-US
1997,Mercury,DETAIL,Tracer,Boysenberry Pearl,JK/M6760,#202984,En-US
1997,Mercury,DETAIL,Tracer,Ebony Satin Metallic,UC/M6816,#15120C,En-US
1997,Mercury,DETAIL,Tracer,Light Denim Blue Metallic,K1/M6815,#90A4B8,En-US
1997,Mercury,DETAIL,Tracer,Mocha Frost  Metallic,DD/M6465,#C8A684,En-US
1997,Mercury,DETAIL,Tracer,Pacific Green Metallic,PS/M6764,#0F7358,En-US
1997,Mercury,DETAIL,Tracer,Performance White,WT/M6640,#F7F7DB,En-US
1997,Mercury,DETAIL,Tracer,Royal Plum Metallic,GS/M6701,#794378,En-US
1997,Mercury,DETAIL,Tracer,Silver Frost Metallic,TS/M6720,#B9B9A7,En-US
1997,Mercury,DETAIL,Tracer,Toreador Red Pearl Metallic,FL/M6758,#901414,En-US
1997,Mercury,DETAIL,Tracer,Vermillion,E4/M6470,#B81F1D,En-US
1997,Mercury,DETAIL,Villager,Bright Amber Metallic,BG/M6811,#9E4418,En-US
1997,Mercury,DETAIL,Villager,Evergreen Frost Metallic,FE/M6641,#83A874,En-US
1997,Mercury,DETAIL,Villager,Light Saddle Metallic,DZ/M6754,#CDAB71,En-US
1997,Mercury,DETAIL,Villager,Medium Wedgewood Metallic,LD/M6763,#526382,En-US
1997,Mercury,DETAIL,Villager,Medium Willow Metallic,SH/M6715,#4A7C6D,En-US
1997,Mercury,DETAIL,Villager,Oxford White,YO/M5920,#F2FDEE,En-US
1997,Mercury,DETAIL,Villager,Portofino Metallic,XC/M6623,#6E7390,En-US
1997,Mercury,DETAIL,Villager,Silver Metallic,YN/M6505,#ACB3A6,En-US
1997,Mercury,DETAIL,Villager,Thistle Pearl,JS/M6761,#4C1446,En-US
1997,Mercury,DETAIL,Villager,Toreador Red Pearl Metallic,FL/M6758,#901414,En-US
1997,Mitsubishi,DETAIL,3000GT,Dark Grey (matt),A24,#39382D,En-US
1997,Mitsubishi,DETAIL,3000GT,Galaxy White Pearl Tricoat,W75,#E5EDE3,En-US
1997,Mitsubishi,DETAIL,3000GT,Kilder Green Pearl,G84,#588059,En-US
1997,Mitsubishi,DETAIL,3000GT,Mariana Blue Pearl,B34,#4B69A1,En-US
1997,Mitsubishi,DETAIL,3000GT,Olive Pearl,L79,#2C4C32,En-US
1997,Mitsubishi,DETAIL,3000GT,Passion Red,R71,#E42B1B,En-US
1997,Mitsubishi,DETAIL,3000GT,Pyreness Black Pearl,X08,#121219,En-US
1997,Mitsubishi,DETAIL,Diamante,Beige Pearl,E02,#D5D5C3,En-US
1997,Mitsubishi,DETAIL,Diamante,Burma Black Pearl,J06,#120E1A,En-US
1997,Mitsubishi,DETAIL,Diamante,Dark Grey (matt),A24,#39382D,En-US
1997,Mitsubishi,DETAIL,Diamante,Greenstone Metallic,G12,#475348,En-US
1997,Mitsubishi,DETAIL,Diamante,Paris White,W45,#F9FBFD,En-US
1997,Mitsubishi,DETAIL,Diamante,Silver Metallic,A08,#B2B3B1,En-US
1997,Mitsubishi,DETAIL,Diamante,Sydney Blue Metallic,T52,#90A18F,En-US
1997,Mitsubishi,DETAIL,Diamante,Victoria Red Pearl,P53,#712942,En-US
1997,Mitsubishi,DETAIL,Eclipse,Barcelona Red Pearl Metallic,P75,#821414,En-US
1997,Mitsubishi,DETAIL,Eclipse,Cayenne Red Pearl,P88,#AF1B17,En-US
1997,Mitsubishi,DETAIL,Eclipse,Dark Grey (matt),A24,#39382D,En-US
1997,Mitsubishi,DETAIL,Eclipse,Kalapana Black,X13,#121214,En-US
1997,Mitsubishi,DETAIL,Eclipse,Magenta Gray Pearl,A87,#6B6074,En-US
1997,Mitsubishi,DETAIL,Eclipse,Minden Silver Pearl,A52,#D2CCBE,En-US
1997,Mitsubishi,DETAIL,Eclipse,Monarch Green Pearl,G56,#207A60,En-US
1997,Mitsubishi,DETAIL,Eclipse,Northstar White,W12,#E5E5E5,En-US
1997,Mitsubishi,DETAIL,Eclipse,Radiant Fire Red,R87,#B2281E,En-US
1997,Mitsubishi,DETAIL,Galant,Barcelona Red Pearl Metallic,P75,#821414,En-US
1997,Mitsubishi,DETAIL,Galant,Carmel Beige Pearl,S57,#BD9B5F,En-US
1997,Mitsubishi,DETAIL,Galant,Cayenne Red Pearl,P88,#AF1B17,En-US
1997,Mitsubishi,DETAIL,Galant,Dark Grey (matt),A24,#39382D,En-US
1997,Mitsubishi,DETAIL,Galant,Kalapana Black,X13,#121214,En-US
1997,Mitsubishi,DETAIL,Galant,Magenta Gray Pearl,A87,#6B6074,En-US
1997,Mitsubishi,DETAIL,Galant,Minden Silver Pearl,A52,#D2CCBE,En-US
1997,Mitsubishi,DETAIL,Galant,Monarch Green Pearl,G56,#207A60,En-US
1997,Mitsubishi,DETAIL,Galant,Northstar White,W12,#E5E5E5,En-US
1997,Mitsubishi,DETAIL,Mirage,Bright Blue Pearl,T73,#19257D,En-US
1997,Mitsubishi,DETAIL,Mirage,Brighton Gold Metallic,K86,#C7C493,En-US
1997,Mitsubishi,DETAIL,Mirage,Dark Grey (matt),A24,#39382D,En-US
1997,Mitsubishi,DETAIL,Mirage,Ice Cell Blue,TB,#182C75,En-US
1997,Mitsubishi,DETAIL,Mirage,Innsbruck White,W83,#F5F3E3,En-US
1997,Mitsubishi,DETAIL,Mirage,Kilder Green Pearl,G84,#588059,En-US
1997,Mitsubishi,DETAIL,Mirage,Neptune Green Metallic,F89,#85AFAA,En-US
1997,Mitsubishi,DETAIL,Mirage,Phoenix Red Pearl,P85,#BE271D,En-US
1997,Mitsubishi,DETAIL,Mirage,Pyreness Black Pearl,X08,#121219,En-US
1997,Mitsubishi,DETAIL,Mirage,Roanne Red Pearl,P78,#92122A,En-US
1997,Mitsubishi,DETAIL,Mirage,Satellite Silver Metallic,A69,#C7C6BF,En-US
1997,Mitsubishi,DETAIL,Montero,Alamoana Green  Metallic,F76,#09533B,En-US
1997,Mitsubishi,DETAIL,Montero,Dark Blue Pearl,T88,#2E66AA,En-US
1997,Mitsubishi,DETAIL,Montero,Dark Grey (matt),A24,#39382D,En-US
1997,Mitsubishi,DETAIL,Montero,Dark Olive Pearl,L77,#374430,En-US
1997,Mitsubishi,DETAIL,Montero,Fairy White,W32,#F5FCF4,En-US
1997,Mitsubishi,DETAIL,Montero,Fraser (Sundan) Beige Metallic,S74,#DBD3AB,En-US
1997,Mitsubishi,DETAIL,Montero,Green Metallic,G99,#809A66,En-US
1997,Mitsubishi,DETAIL,Montero,Hamilton Silver Metallic,A71,#AEB7AD,En-US
1997,Mitsubishi,DETAIL,Montero,Medium Gray Pearl,A75,#726E5C,En-US
1997,Mitsubishi,DETAIL,Montero,Olive Pearl,L79,#2C4C32,En-US
1997,Mitsubishi,DETAIL,Montero,Phoenix Red Pearl,P85,#BE271D,En-US
1997,Mitsubishi,DETAIL,Montero,Pyreness Black Pearl,X08,#121219,En-US
1997,Mitsubishi,DETAIL,Montero,Roanne Red Pearl,P78,#92122A,En-US
1997,Mitsubishi,DETAIL,Montero,Sophia White,W09,#F4F1DE,En-US
1997,Nissan,DETAIL,200SX,Aztec Red,AG2,#B31E15,En-US
1997,Nissan,DETAIL,200SX,Black,KH3,#121713,En-US
1997,Nissan,DETAIL,200SX,Bluish Green Pearl Metallic,FN4,#10765F,En-US
1997,Nissan,DETAIL,200SX,Cloud White,QM1,#FCF8EA,En-US
1997,Nissan,DETAIL,200SX,Pacific Metallic,BR2,#2885B0,En-US
1997,Nissan,DETAIL,200SX,Yellow Red Metallic,AR0,#D33713,En-US
1997,Nissan,DETAIL,200SX,Yellow Silver Metallic,KN4,#C9C9B7,En-US
1997,Nissan,DETAIL,240SX,Black,KH3,#121713,En-US
1997,Nissan,DETAIL,240SX,Cobalt Green Pearl,DN1,#1F7016,En-US
1997,Nissan,DETAIL,240SX,Dark Blue Pearl,BN6,#282E68,En-US
1997,Nissan,DETAIL,240SX,Reddish Purple Pearl,LS1,#730F5A,En-US
1997,Nissan,DETAIL,240SX,Ultra Red,AJ4,#B82010,En-US
1997,Nissan,DETAIL,240SX,White Pearl Tri-coat,WK0,#FAFCF3,En-US
1997,Nissan,DETAIL,Altima,Black,KH3,#121713,En-US
1997,Nissan,DETAIL,Altima,Black Cherry Metallic,AS1,#610D0D,En-US
1997,Nissan,DETAIL,Altima,Bluish Green Pearl,FN2,#226452,En-US
1997,Nissan,DETAIL,Altima,Cloud White,QM1,#FCF8EA,En-US
1997,Nissan,DETAIL,Altima,Dark Grey Pearl,KN8,#1B211D,En-US
1997,Nissan,DETAIL,Altima,Red Pearl,AS0,#490921,En-US
1997,Nissan,DETAIL,Altima,Ruby Pearl,AL0,#6D1526,En-US
1997,Nissan,DETAIL,Altima,Silver Metallic,KN0,#CFCEC1,En-US
1997,Nissan,DETAIL,Altima,Turquoise Metallic  (Trim),FM2,#559BA1,En-US
1997,Nissan,DETAIL,Altima,Yellow Silver Pearl,KJ1,#A4A490,En-US
1997,Nissan,DETAIL,Maxima,Black,KH3,#121713,En-US
1997,Nissan,DETAIL,Maxima,Blue Green Metallic,FS0,#42686C,En-US
1997,Nissan,DETAIL,Maxima,Dark Blue Metallic,BS3,#143F60,En-US
1997,Nissan,DETAIL,Maxima,Forest Green Pearl,DP0,#2E4633,En-US
1997,Nissan,DETAIL,Maxima,Pebble Beige Metallic,CG2,#C7C09D,En-US
1997,Nissan,DETAIL,Maxima,Purple Metallic,LS6,#B699C1,En-US
1997,Nissan,DETAIL,Maxima,Red Purple Metallic,LS5,#631532,En-US
1997,Nissan,DETAIL,Maxima,White Pearl Tri-coat,QN0,#E9F1E8,En-US
1997,Nissan,DETAIL,Pathfinder,Beige Metallic,CR0,#D1C971,En-US
1997,Nissan,DETAIL,Pathfinder,Black,KH3,#121713,En-US
1997,Nissan,DETAIL,Pathfinder,Brown Pearl,CP2,#774937,En-US
1997,Nissan,DETAIL,Pathfinder,Cloud White,QM1,#FCF8EA,En-US
1997,Nissan,DETAIL,Pathfinder,Cobalt Green Pearl,DN1,#1F7016,En-US
1997,Nissan,DETAIL,Pathfinder,Dark Blue Metallic,BS3,#143F60,En-US
1997,Nissan,DETAIL,Pathfinder,Rain Forest Green Pearl,DR3,#455F45,En-US
1997,Nissan,DETAIL,Pathfinder,Red Pearl Metallic,AP0,#AD1D1D,En-US
1997,Nissan,DETAIL,Quest,Black (Rocker Panel Color),G01,#000000,En-US
1997,Nissan,DETAIL,Quest,Deep Wedgewood Metallic,KT5,#0B464B,En-US
1997,Nissan,DETAIL,Quest,Desert Violet Pearl,JC/LS3,#8E2E4B,En-US
1997,Nissan,DETAIL,Quest,Desert Violet Pearl,LS3,#8E2E4B,En-US
1997,Nissan,DETAIL,Quest,Evergreen Frost Metallic,FE/DP2,#627365,En-US
1997,Nissan,DETAIL,Quest,Medium Platinum Metallic,KK4,#444E42,En-US
1997,Nissan,DETAIL,Quest,Medium Platinum Metallic,RC/KK4,#444E42,En-US
1997,Nissan,DETAIL,Quest,Medium Willow Green Metallic,DP3,#237323,En-US
1997,Nissan,DETAIL,Quest,Medium Willow Green Metallic,SH/DP3,#237323,En-US
1997,Nissan,DETAIL,Quest,Olive Green Pearl,BB/JP2,#7E713E,En-US
1997,Nissan,DETAIL,Quest,Oxford White,YO/QS0,#EFFFEF,En-US
1997,Nissan,DETAIL,Quest,Portofino Metallic,XC/BP4,#73809F,En-US
1997,Nissan,DETAIL,Quest,Silver Metallic,KL2,#D1D3D7,En-US
1997,Nissan,DETAIL,Quest,Silver Metallic,YN,#D1D3D7,En-US
1997,Nissan,DETAIL,Quest,Silver Metallic,YN/KL2,#D1D3D7,En-US
1997,Nissan,DETAIL,Quest,Toreador Red Pearl Metallic,FL,#AA1612,En-US
1997,Nissan,DETAIL,Quest,Toreador Red Pearl Metallic,FL/AP4,#AA1612,En-US
1997,Nissan,DETAIL,Quest,Wedgewood Metallic,LD/TP0,#5E6676,En-US
1997,Nissan,DETAIL,Sentra,Black,KH3,#121713,En-US
1997,Nissan,DETAIL,Sentra,Bluish Green Pearl Metallic,FN4,#10765F,En-US
1997,Nissan,DETAIL,Sentra,Cloud White,QM1,#FCF8EA,En-US
1997,Nissan,DETAIL,Sentra,Dark Blue Pearl,BN6,#282E68,En-US
1997,Nissan,DETAIL,Sentra,Dark Grey Pearl Metallic,KK0,#4B4D59,En-US
1997,Nissan,DETAIL,Sentra,Light Blue Metallic,BN5,#7F969C,En-US
1997,Nissan,DETAIL,Sentra,Ruby Pearl,AL0,#6D1526,En-US
1997,Nissan,DETAIL,Sentra,Yellow Silver Metallic,KN4,#C9C9B7,En-US
1997,Oldsmobile,DETAIL,88,Aubergine Metallic,18/WA325D,#A28489,En-US
1997,Oldsmobile,DETAIL,88,Black,41/WA8555,#020202,En-US
1997,Oldsmobile,DETAIL,88,Bright White,16/WA9753,#F9F8E9,En-US
1997,Oldsmobile,DETAIL,88,Dark Toreador Red Metallic,51/WA257C,#6A0417,En-US
1997,Oldsmobile,DETAIL,88,Dark Yellow Green Metallic,48/WA9806,#4D6139,En-US
1997,Oldsmobile,DETAIL,88,Flame Red,81/WA8774,#BA1E19,En-US
1997,Oldsmobile,DETAIL,88,Light Adriatic Metallic,36/WA173A,#B8BDC4,En-US
1997,Oldsmobile,DETAIL,88,Light Teal Metallic,34/WA129A,#C3D1C7,En-US
1997,Oldsmobile,DETAIL,88,Light Toreador Metallic,53/WA307D,#BE2E2E,En-US
1997,Oldsmobile,DETAIL,88,Majestic Teal Metallic,43/WA272C,#027212,En-US
1997,Oldsmobile,DETAIL,88,Medium Adriatic Blue Metallic,30/WA9907,#5F769B,En-US
1997,Oldsmobile,DETAIL,88,Medium Dark Lichen Metallic,47/WA208C,#8C907E,En-US
1997,Oldsmobile,DETAIL,88,Medium Marblehead Metallic,03/WA9924,#C6C2BA,En-US
1997,Oldsmobile,DETAIL,88,Medium Sea Green Metallic,42/WA210C,#456D67,En-US
1997,Oldsmobile,DETAIL,88,Silvermist Metallic,17/WA301D,#CECAAA,En-US
1997,Oldsmobile,DETAIL,88,Stone Beige Metallic,50/WA116B,#A5A987,En-US
1997,Oldsmobile,DETAIL,Achieva,Aubergine Metallic,18/WA325D,#A28489,En-US
1997,Oldsmobile,DETAIL,Achieva,Black,41/WA8555,#020202,En-US
1997,Oldsmobile,DETAIL,Achieva,Bright White,16/WA9753,#F9F8E9,En-US
1997,Oldsmobile,DETAIL,Achieva,Dark Mulberry Metallic,89/WA326D,#3D074B,En-US
1997,Oldsmobile,DETAIL,Achieva,Flame Red,81/WA8774,#BA1E19,En-US
1997,Oldsmobile,DETAIL,Achieva,Light Sandrift Metallic,49/WA220C,#AB996D,En-US
1997,Oldsmobile,DETAIL,Achieva,Light Toreador Metallic,53/WA345D,#7B140F,En-US
1997,Oldsmobile,DETAIL,Achieva,Malachite Metallic,44/WA9084,#85B9B0,En-US
1997,Oldsmobile,DETAIL,Achieva,Manta Green Metallic,37/WA204C,#057928,En-US
1997,Oldsmobile,DETAIL,Achieva,Medium Sea Green Metallic,42/WA210C,#456D67,En-US
1997,Oldsmobile,DETAIL,Achieva,Opal Blue Metallic,24/WA305D,#718997,En-US
1997,Oldsmobile,DETAIL,Aurora,Aubergine Metallic,18/WA325D,#A28489,En-US
1997,Oldsmobile,DETAIL,Aurora,Black,41/WA8555,#020202,En-US
1997,Oldsmobile,DETAIL,Aurora,Bright White,16/WA9753,#F9F8E9,En-US
1997,Oldsmobile,DETAIL,Aurora,Bright White Diamond Pearl Tri-coat,78/WA140B,#DCE5D6,En-US
1997,Oldsmobile,DETAIL,Aurora,Dark Toreador Red Metallic,51/WA257C,#6A0417,En-US
1997,Oldsmobile,DETAIL,Aurora,Light Adriatic Metallic,36/WA173A,#B8BDC4,En-US
1997,Oldsmobile,DETAIL,Aurora,Light Stellar Blue Metallic,27/WA146B,#91B0BF,En-US
1997,Oldsmobile,DETAIL,Aurora,Light Teal Metallic,34/WA129A,#C3D1C7,En-US
1997,Oldsmobile,DETAIL,Aurora,Light Toreador Metallic,53/WA307D,#BE2E2E,En-US
1997,Oldsmobile,DETAIL,Aurora,Majestic Teal Metallic,43/WA272C,#027212,En-US
1997,Oldsmobile,DETAIL,Aurora,Medium Adriatic Blue Metallic,30/WA9907,#5F769B,En-US
1997,Oldsmobile,DETAIL,Aurora,Medium Dark Lichen Metallic,47/WA208C,#8C907E,En-US
1997,Oldsmobile,DETAIL,Aurora,Medium Sea Green Metallic,42/WA210C,#456D67,En-US
1997,Oldsmobile,DETAIL,Aurora,Silvermist Metallic,17/WA301D,#CECAAA,En-US
1997,Oldsmobile,DETAIL,Aurora,Stone Beige Metallic,50/WA116B,#A5A987,En-US
1997,Oldsmobile,DETAIL,Bravada,Aubergine Metallic,18/WA325D,#A28489,En-US
1997,Oldsmobile,DETAIL,Bravada,Black,41/ WA8555,#121713,En-US
1997,Oldsmobile,DETAIL,Bravada,Bright Red,72/WA7475,#BC0400,En-US
1997,Oldsmobile,DETAIL,Bravada,Emerald Green Metallic,43/WA177B,#178739,En-US
1997,Oldsmobile,DETAIL,Bravada,Fairway Green Metallic,87/WA309D,#235317,En-US
1997,Oldsmobile,DETAIL,Bravada,Gray Metallic,90/WA8798,#999B9F,En-US
1997,Oldsmobile,DETAIL,Bravada,Light Autumnwood Metallic,55/WA228A,#B5A78D,En-US
1997,Oldsmobile,DETAIL,Bravada,Light Stellar Blue Metallic,27/WA146B,#91B0BF,En-US
1997,Oldsmobile,DETAIL,Bravada,Medium Dark Pewter (Interior Color),92/WA110D,#8B816F,En-US
1997,Oldsmobile,DETAIL,Bravada,Medium Red Metallic,94/WA9088,#710F11,En-US
1997,Oldsmobile,DETAIL,Bravada,Silver Metallic,96/WA8867,#ABB6B5,En-US
1997,Oldsmobile,DETAIL,Bravada,Smokey Carmel Metallic,65/WA333D,#8A5C36,En-US
1997,Oldsmobile,DETAIL,Bravada,White,50/WA8624,#EFEFE9,En-US
1997,Oldsmobile,DETAIL,Cutlass,Aubergine Metallic,18/WA325D,#A28489,En-US
1997,Oldsmobile,DETAIL,Cutlass,Black,41/WA8555,#020202,En-US
1997,Oldsmobile,DETAIL,Cutlass,Bright White,16/WA9753,#F9F8E9,En-US
1997,Oldsmobile,DETAIL,Cutlass,Dark Cherry Metallic,77/WA9800,#6B2551,En-US
1997,Oldsmobile,DETAIL,Cutlass,Dark Mulberry Metallic,89/WA326D,#3D074B,En-US
1997,Oldsmobile,DETAIL,Cutlass,Dark Teal Pri Metallic,35/WA132A,#315F4F,En-US
1997,Oldsmobile,DETAIL,Cutlass,Dark Torreador Metallic,51/WA203C,#530303,En-US
1997,Oldsmobile,DETAIL,Cutlass,Flame Red,81/WA8774,#BA1E19,En-US
1997,Oldsmobile,DETAIL,Cutlass,Jasper Green Metallic,56/WA329D,#115911,En-US
1997,Oldsmobile,DETAIL,Cutlass,Light Adriatic Metallic,36/WA121A,#B8BDC4,En-US
1997,Oldsmobile,DETAIL,Cutlass,Light Sandrift Metallic,49/WA220C,#AB996D,En-US
1997,Oldsmobile,DETAIL,Cutlass,Light Toreador Metallic,53/WA345D,#7B140F,En-US
1997,Oldsmobile,DETAIL,Cutlass,Medium Adriatic Blue Metallic,30/WA9907,#5F769B,En-US
1997,Oldsmobile,DETAIL,Cutlass,Medium Dark Lichen Metallic,47/WA208C,#8C907E,En-US
1997,Oldsmobile,DETAIL,Cutlass,Medium Marblehead Metallic,03/WA9924,#C6C2BA,En-US
1997,Oldsmobile,DETAIL,Cutlass,Medium Sea Green Metallic,42/WA210C,#456D67,En-US
1997,Oldsmobile,DETAIL,Cutlass,Opal Blue Metallic,24/WA305D,#718997,En-US
1997,Oldsmobile,DETAIL,Cutlass,Silvermist Metallic,17/WA331D,#CECAAA,En-US
1997,Oldsmobile,DETAIL,Cutlass,Torch Red,70/WA9075,#D12A1D,En-US
1997,Oldsmobile,DETAIL,Regency,Aubergine Metallic,18/WA325D,#A28489,En-US
1997,Oldsmobile,DETAIL,Regency,Black,41/WA8555,#020202,En-US
1997,Oldsmobile,DETAIL,Regency,Bright White,16/WA9753,#F9F8E9,En-US
1997,Oldsmobile,DETAIL,Regency,Dark Toreador Red Metallic,51/WA257C,#6A0417,En-US
1997,Oldsmobile,DETAIL,Regency,Dark Yellow Green Metallic,48/WA9806,#4D6139,En-US
1997,Oldsmobile,DETAIL,Regency,Flame Red,81/WA8774,#BA1E19,En-US
1997,Oldsmobile,DETAIL,Regency,Light Adriatic Metallic,36/WA173A,#B8BDC4,En-US
1997,Oldsmobile,DETAIL,Regency,Light Teal Metallic,34/WA129A,#C3D1C7,En-US
1997,Oldsmobile,DETAIL,Regency,Light Toreador Metallic,53/WA307D,#BE2E2E,En-US
1997,Oldsmobile,DETAIL,Regency,Majestic Teal Metallic,43/WA272C,#027212,En-US
1997,Oldsmobile,DETAIL,Regency,Medium Adriatic Blue Metallic,30/WA9907,#5F769B,En-US
1997,Oldsmobile,DETAIL,Regency,Medium Dark Lichen Metallic,47/WA208C,#8C907E,En-US
1997,Oldsmobile,DETAIL,Regency,Medium Marblehead Metallic,03/WA9924,#C6C2BA,En-US
1997,Oldsmobile,DETAIL,Regency,Medium Sea Green Metallic,42/WA210C,#456D67,En-US
1997,Oldsmobile,DETAIL,Regency,Silvermist Metallic,17/WA301D,#CECAAA,En-US
1997,Oldsmobile,DETAIL,Regency,Stone Beige Metallic,50/WA116B,#A5A987,En-US
1997,Oldsmobile,DETAIL,Silhouette,Aubergine Metallic,18/WA325D,#A28489,En-US
1997,Oldsmobile,DETAIL,Silhouette,Black Sapphire Metallic,28/WA8743,#0A141A,En-US
1997,Oldsmobile,DETAIL,Silhouette,Bright White,16/WA9753,#F9F8E9,En-US
1997,Oldsmobile,DETAIL,Silhouette,Crimson King,09/WA321D,#9A1B0A,En-US
1997,Oldsmobile,DETAIL,Silhouette,Dark Otter Metallic,32/WA200C,#062A0D,En-US
1997,Oldsmobile,DETAIL,Silhouette,Dark Teal Pri Metallic,35/WA132A,#315F4F,En-US
1997,Oldsmobile,DETAIL,Silhouette,Light Sandrift Metallic,49/WA220C,#AB996D,En-US
1997,Oldsmobile,DETAIL,Silhouette,Medium Cloisonne Metallic,26/WA127A,#557DB9,En-US
1997,Oldsmobile,DETAIL,Silhouette,Medium Dark Lichen Metallic,47/WA208C,#8C907E,En-US
1997,Oldsmobile,DETAIL,Silhouette,Medium Sea Green Metallic,42/WA210C,#456D67,En-US
1997,Oldsmobile,DETAIL,Silhouette,Silver Metallic,13/WA9021,#C0C0C0,En-US
1997,Plymouth,DETAIL,Breeze,Black Crystal,X8/DX8,#0A1112,En-US
1997,Plymouth,DETAIL,Breeze,Candy Apple Red Pearl Tricoat,H2/RH2,#BC121E,En-US
1997,Plymouth,DETAIL,Breeze,Dark Chestnut Pearl,U1/TU1,#202716,En-US
1997,Plymouth,DETAIL,Breeze,Dark Rosewood Pearl,EG/REG,#470F0F,En-US
1997,Plymouth,DETAIL,Breeze,Deep Amethyst Pearl,CN/TCN,#06274C,En-US
1997,Plymouth,DETAIL,Breeze,Deep Hunter Green Pearl,G8/SG8,#095D25,En-US
1997,Plymouth,DETAIL,Breeze,Light Gold Pearl,YL/SYL,#C19B5F,En-US
1997,Plymouth,DETAIL,Breeze,Light Iris Pearl Metallic,C5/PC5,#A1ABA6,En-US
1997,Plymouth,DETAIL,Breeze,Light Silverfern Pearl,JM/RJM,#BEBABA,En-US
1997,Plymouth,DETAIL,Breeze,Medium Fern Pearl,JP/RJP,#647E48,En-US
1997,Plymouth,DETAIL,Breeze,Stone White,W1/SW1,#F8FEE9,En-US
1997,Plymouth,DETAIL,Neon,Black Crystal,X8/DX8,#0A1112,En-US
1997,Plymouth,DETAIL,Neon,Bright Jade Pearl,QM/SQM,#1D7352,En-US
1997,Plymouth,DETAIL,Neon,Bright White,W7/GW7,#FCFFFB,En-US
1997,Plymouth,DETAIL,Neon,Brilliant Blue Pearl Metallic,CH/PCH,#1C468C,En-US
1997,Plymouth,DETAIL,Neon,Deep Amethyst Pearl,CN/TCN,#06274C,En-US
1997,Plymouth,DETAIL,Neon,Emerald Green Pearl Metallic,GS/PGS,#07553E,En-US
1997,Plymouth,DETAIL,Neon,Flame Red,R4/PR4,#A7192F,En-US
1997,Plymouth,DETAIL,Neon,Lapis Blue,C4/RC4,#2E2E80,En-US
1997,Plymouth,DETAIL,Neon,Light Gold Pearl,YL/SYL,#C19B5F,En-US
1997,Plymouth,DETAIL,Neon,Light Iris Pearl Metallic,C5/PC5,#A1ABA6,En-US
1997,Plymouth,DETAIL,Neon,Magenta,H1/SH1,#9D1F6F,En-US
1997,Plymouth,DETAIL,Neon,Medium Fern Pearl,JP/RJP,#647E48,En-US
1997,Plymouth,DETAIL,Neon,Strawberry Pearl Metallic,RE/PRE,#DF3317,En-US
1997,Plymouth,DETAIL,Prowler,Prowler Purple Metallic,H7/TH7,#4E2A3D,En-US
1997,Plymouth,DETAIL,Voyager,Bright White,W7/GW7,#FCFFFB,En-US
1997,Plymouth,DETAIL,Voyager,Candy Apple Red Pearl Tricoat,H2/RH2,#BC121E,En-US
1997,Plymouth,DETAIL,Voyager,Dark Rosewood Pearl,EG/REG,#470F0F,En-US
1997,Plymouth,DETAIL,Voyager,Deep Amethyst Pearl,CN/TCN,#06274C,En-US
1997,Plymouth,DETAIL,Voyager,Deep Hunter Green Pearl,G8/SG8,#095D25,En-US
1997,Plymouth,DETAIL,Voyager,Flame Red,R4/PR4,#A7192F,En-US
1997,Plymouth,DETAIL,Voyager,Golden White Pearl Tri-coat,WP/SWP,#DBE6E1,En-US
1997,Plymouth,DETAIL,Voyager,Island Teal S/G Pearl,PJ/SPJ,#75ABAA,En-US
1997,Plymouth,DETAIL,Voyager,Light Gold Pearl,YL/SYL,#C19B5F,En-US
1997,Plymouth,DETAIL,Voyager,Light Iris Pearl Metallic,C5/PC5,#A1ABA6,En-US
1997,Plymouth,DETAIL,Voyager,Light Silverfern Pearl,JM/RJM,#BEBABA,En-US
1997,Plymouth,DETAIL,Voyager,Taupe Metallic,TK/TTK,#2B322B,En-US
1997,Pontiac,DETAIL,Bonneville,Aubergine Metallic,18/WA325D,#A28489,En-US
1997,Pontiac,DETAIL,Bonneville,Black,41/WA8555,#020202,En-US
1997,Pontiac,DETAIL,Bonneville,Bright White,16/WA9753,#F9F8E9,En-US
1997,Pontiac,DETAIL,Bonneville,Dark Cherry Metallic,77/WA9800,#6B2551,En-US
1997,Pontiac,DETAIL,Bonneville,Dark Toreador Red Metallic,51/WA257C,#6A0417,En-US
1997,Pontiac,DETAIL,Bonneville,Dark Yellow Green Metallic,48/WA9806,#4D6139,En-US
1997,Pontiac,DETAIL,Bonneville,Flame Red,81/WA8774,#BA1E19,En-US
1997,Pontiac,DETAIL,Bonneville,Light Adriatic Metallic,36/WA173A,#B8BDC4,En-US
1997,Pontiac,DETAIL,Bonneville,Light Teal Metallic,34/WA129A,#C3D1C7,En-US
1997,Pontiac,DETAIL,Bonneville,Light Toreador Metallic,53/WA307D,#BE2E2E,En-US
1997,Pontiac,DETAIL,Bonneville,Majestic Teal Metallic,43/WA272C,#027212,En-US
1997,Pontiac,DETAIL,Bonneville,Medium Adriatic Blue Metallic,30/WA9907,#5F769B,En-US
1997,Pontiac,DETAIL,Bonneville,Medium Blue Metallic,34/WA9222,#256078,En-US
1997,Pontiac,DETAIL,Bonneville,Medium Dark Lichen Metallic,47/WA208C,#8C907E,En-US
1997,Pontiac,DETAIL,Bonneville,Medium Marblehead Metallic,03/WA9924,#9F8E81,En-US
1997,Pontiac,DETAIL,Bonneville,Medium Sea Green Metallic,42/WA210C,#588A82,En-US
1997,Pontiac,DETAIL,Bonneville,Silvermist Metallic,17/WA301D,#CECAAA,En-US
1997,Pontiac,DETAIL,Bonneville,Stone Beige Metallic,50/WA116B,#A5A987,En-US
1997,Pontiac,DETAIL,Firebird,Arctic White,10/WA9567,#FDF6DF,En-US
1997,Pontiac,DETAIL,Firebird,Aubergine Metallic,18/WA325D,#A28489,En-US
1997,Pontiac,DETAIL,Firebird,Black,41/WA8555,#020202,En-US
1997,Pontiac,DETAIL,Firebird,Bright Green Metallic,31/WA319D,#0B5519,En-US
1997,Pontiac,DETAIL,Firebird,Bright Purple Metallic,88/WA327D,#481B59,En-US
1997,Pontiac,DETAIL,Firebird,Cayenne Red Metallic,96/WA122B,#C90F0F,En-US
1997,Pontiac,DETAIL,Firebird,Dark Yellow Green Metallic,48/WA9806,#4D6139,En-US
1997,Pontiac,DETAIL,Firebird,Flame Red,81/WA8774,#BA1E19,En-US
1997,Pontiac,DETAIL,Firebird,Medium Quasar Blue Metallic,80/WA5378,#0F8CA3,En-US
1997,Pontiac,DETAIL,Firebird,Mystic Teal Metallic,79/WA320C,#248E5B,En-US
1997,Pontiac,DETAIL,Firebird,Sebring Silver Metallic,13/WA9566,#D2D2D6,En-US
1997,Pontiac,DETAIL,Grand Am,Aubergine Metallic,18/WA325D,#A28489,En-US
1997,Pontiac,DETAIL,Grand Am,Black,41/WA8555,#020202,En-US
1997,Pontiac,DETAIL,Grand Am,Bright White,16/WA9753,#F9F8E9,En-US
1997,Pontiac,DETAIL,Grand Am,Dark Mulberry Metallic,89/WA326D,#3D074B,En-US
1997,Pontiac,DETAIL,Grand Am,Flame Red,81/WA8774,#BA1E19,En-US
1997,Pontiac,DETAIL,Grand Am,Light Sandrift Metallic,49/WA220C,#AB996D,En-US
1997,Pontiac,DETAIL,Grand Am,Light Toreador Metallic,53/WA345D,#7B140F,En-US
1997,Pontiac,DETAIL,Grand Am,Malachite Metallic,44/WA9084,#85B9B0,En-US
1997,Pontiac,DETAIL,Grand Am,Manta Green Metallic,37/WA204C,#057928,En-US
1997,Pontiac,DETAIL,Grand Am,Medium Sea Green Metallic,42/WA210C,#588A82,En-US
1997,Pontiac,DETAIL,Grand Am,Opal Blue Metallic,24/WA305D,#718997,En-US
1997,Pontiac,DETAIL,Grand Prix,Aubergine Metallic,18/WA325D,#A28489,En-US
1997,Pontiac,DETAIL,Grand Prix,Black,41/WA8555,#020202,En-US
1997,Pontiac,DETAIL,Grand Prix,Bright White,16/WA9753,#F9F8E9,En-US
1997,Pontiac,DETAIL,Grand Prix,Dark Cherry Metallic,77/WA9800,#6B2551,En-US
1997,Pontiac,DETAIL,Grand Prix,Dark Mulberry Metallic,89/WA326D,#3D074B,En-US
1997,Pontiac,DETAIL,Grand Prix,Dark Teal Pri Metallic,35/WA132A,#315F4F,En-US
1997,Pontiac,DETAIL,Grand Prix,Dark Torreador Metallic,51/WA203C,#530303,En-US
1997,Pontiac,DETAIL,Grand Prix,Flame Red,81/WA8774,#BA1E19,En-US
1997,Pontiac,DETAIL,Grand Prix,Jasper Green Metallic,56/WA329D,#115911,En-US
1997,Pontiac,DETAIL,Grand Prix,Light Adriatic Metallic,36/WA121A,#B8BDC4,En-US
1997,Pontiac,DETAIL,Grand Prix,Light Sandrift Metallic,49/WA220C,#AB996D,En-US
1997,Pontiac,DETAIL,Grand Prix,Light Toreador Metallic,53/WA345D,#7B140F,En-US
1997,Pontiac,DETAIL,Grand Prix,Medium Adriatic Blue Metallic,30/WA9907,#5F769B,En-US
1997,Pontiac,DETAIL,Grand Prix,Medium Dark Lichen Metallic,47/WA208C,#8C907E,En-US
1997,Pontiac,DETAIL,Grand Prix,Medium Marblehead Metallic,03/WA9924,#9F8E81,En-US
1997,Pontiac,DETAIL,Grand Prix,Medium Sea Green Metallic,42/WA210C,#588A82,En-US
1997,Pontiac,DETAIL,Grand Prix,Opal Blue Metallic,24/WA305D,#718997,En-US
1997,Pontiac,DETAIL,Grand Prix,Silvermist Metallic,17/WA331D,#CECAAA,En-US
1997,Pontiac,DETAIL,Grand Prix,Storm Gray Metallic  (bumper),14/WA312D,#7D837F,En-US
1997,Pontiac,DETAIL,Grand Prix,Torch Red,70/WA9075,#D12A1D,En-US
1997,Pontiac,DETAIL,Sunfire,Aubergine Metallic,18/WA325D,#A28489,En-US
1997,Pontiac,DETAIL,Sunfire,Black,41/WA8555,#020202,En-US
1997,Pontiac,DETAIL,Sunfire,Bright Aqua Metallic,43/WA9796,#04B2B0,En-US
1997,Pontiac,DETAIL,Sunfire,Bright White,16/WA9753,#F9F8E9,En-US
1997,Pontiac,DETAIL,Sunfire,Cayenne Red Metallic,96/WA164B,#C90F0F,En-US
1997,Pontiac,DETAIL,Sunfire,Dahlia Blue Metallic,22/WA337D,#3A95B6,En-US
1997,Pontiac,DETAIL,Sunfire,Dark Mulberry Metallic,89/WA326D,#3D074B,En-US
1997,Pontiac,DETAIL,Sunfire,Flame Red,81/WA8774,#BA1E19,En-US
1997,Pontiac,DETAIL,Sunfire,Light Sandrift Metallic,49/WA220C,#AB996D,En-US
1997,Pontiac,DETAIL,Sunfire,Light Sandrift Metallic,49/WA312C,#B8AD80,En-US
1997,Pontiac,DETAIL,Sunfire,Manta Green Metallic,37/WA204C,#057928,En-US
1997,Pontiac,DETAIL,Sunfire,Opal Blue Metallic,24/WA305D,#718997,En-US
1997,Pontiac,DETAIL,Trans Sport,Aubergine Metallic,18/WA325D,#A28489,En-US
1997,Pontiac,DETAIL,Trans Sport,Black Sapphire Metallic,28/WA8743,#0A141A,En-US
1997,Pontiac,DETAIL,Trans Sport,Bright White,16/WA9753,#F9F8E9,En-US
1997,Pontiac,DETAIL,Trans Sport,Crimson King,09/WA321D,#9A1B0A,En-US
1997,Pontiac,DETAIL,Trans Sport,Dark Otter Metallic,32/WA200C,#062A0D,En-US
1997,Pontiac,DETAIL,Trans Sport,Dark Teal Pri Metallic,35/WA132A,#315F4F,En-US
1997,Pontiac,DETAIL,Trans Sport,Light Sandrift Metallic,49/WA220C,#AB996D,En-US
1997,Pontiac,DETAIL,Trans Sport,Medium Cloisonne Metallic,26/WA127A,#557DB9,En-US
1997,Pontiac,DETAIL,Trans Sport,Medium Dark Lichen Metallic,47/WA208C,#8C907E,En-US
1997,Pontiac,DETAIL,Trans Sport,Medium Sea Green Metallic,42/WA210C,#588A82,En-US
1997,Pontiac,DETAIL,Trans Sport,Silver Metallic,13/WA9021,#C0C0C0,En-US
1997,Saturn,DETAIL,S-Series,Beige Metallic,33/WA5333,#C3C0AB,En-US
1997,Saturn,DETAIL,S-Series,Black,41/WA8555,#1B141C,En-US
1997,Saturn,DETAIL,S-Series,Black Gold Metallic,73/WA198B,#151613,En-US
1997,Saturn,DETAIL,S-Series,Dark Blue Pearl,19/WA107E,#042658,En-US
1997,Saturn,DETAIL,S-Series,Dark Green Metallic,92/WA260B,#234D09,En-US
1997,Saturn,DETAIL,S-Series,Light Copper Metallic,69/WA155D,#BF8C4F,En-US
1997,Saturn,DETAIL,S-Series,Light Green Metallic,58/WA156D,#BEC9AF,En-US
1997,Saturn,DETAIL,S-Series,Purple Metallic,98/WA267C,#360474,En-US
1997,Saturn,DETAIL,S-Series,Red Metallic,75/WA9554,#891B1B,En-US
1997,Saturn,DETAIL,S-Series,Silver Metallic,11/WA266C,#979589,En-US
1997,Saturn,DETAIL,S-Series,White,40/WA9563,#F1FFF0,En-US
1997,Subaru,DETAIL,Legacy,Black Granite,54A,#121214,En-US
1997,Subaru,DETAIL,Legacy,Cool Gray Metallic,55D,#B6B8B8,En-US
1997,Subaru,DETAIL,Legacy,Dark Blue Pearl,466,#0B1B47,En-US
1997,Subaru,DETAIL,Legacy,Dark Blue Pearl,52D,#0A1D64,En-US
1997,Subaru,DETAIL,Legacy,Dark Green Pearl,433,#065620,En-US
1997,Subaru,DETAIL,Legacy,Glacier White,230,#FAFAEC,En-US
1997,Subaru,DETAIL,Legacy,Green Metallic,64C,#12710D,En-US
1997,Subaru,DETAIL,Legacy,Light Silver Metallic,262,#C0C0C0,En-US
1997,Subaru,DETAIL,Legacy,Rio Red,946,#98211D,En-US
1997,Subaru,DETAIL,Legacy,Ruby Pearl,947,#A50926,En-US
1997,Subaru,DETAIL,Legacy,Slate Gray Metallic,49B,#918F81,En-US
1997,Subaru,DETAIL,Legacy,Sydney Blue Pri Metallic,55A,#192D5F,En-US
1997,Subaru,DETAIL,SVX,Blue Pearl,389,#1A34B4,En-US
1997,Subaru,DETAIL,SVX,Bordeaux Pearl,487/45A,#8A1E3D,En-US
1997,Subaru,DETAIL,SVX,Brilliant Red,559,#9F1515,En-US
1997,Subaru,DETAIL,SVX,Ebony Pearl,235,#121310,En-US
1997,Subaru,DETAIL,SVX,Polo Green Metallic,517,#044E27,En-US
1997,Suzuki,DETAIL,Esteem,Dark Turquoise Pearl,Y33,#15553F,En-US
1997,Suzuki,DETAIL,Esteem,Mercury Silver Metallic,1VN,#BFC3C7,En-US
1997,Suzuki,DETAIL,Esteem,Radiant Red Pearl,OFT,#CE0B06,En-US
1997,Suzuki,DETAIL,Esteem,Scuba Blue Metallic,Y29,#1B304F,En-US
1997,Suzuki,DETAIL,Esteem,Superior White,26U,#FEFDF6,En-US
1997,Suzuki,DETAIL,Esteem,Urban Gray Metallic,Y27,#5D5D5F,En-US
1997,Suzuki,DETAIL,Sidekick,Blue Magenta Metallic,Y06,#A72D66,En-US
1997,Suzuki,DETAIL,Sidekick,Bright Azurite Metallic,Z0B,#26969A,En-US
1997,Suzuki,DETAIL,Sidekick,Bright Teal Metallic,Z06,#1D958B,En-US
1997,Suzuki,DETAIL,Sidekick,Dark Turquoise Pearl,Y33,#15553F,En-US
1997,Suzuki,DETAIL,Sidekick,Envision Green Metallic,Y34,#045C12,En-US
1997,Suzuki,DETAIL,Sidekick,Keen Gold Metallic  (Cladding),Z0N,#B3AC85,En-US
1997,Suzuki,DETAIL,Sidekick,Light Toreador Red Metallic,Z0A,#6B1B1F,En-US
1997,Suzuki,DETAIL,Sidekick,Medium Blue Metallic,Y05,#6D84AB,En-US
1997,Suzuki,DETAIL,Sidekick,Radiant Red Pearl,OFT,#CE0B06,En-US
1997,Suzuki,DETAIL,Sidekick,Satin Black,1SC,#0D1315,En-US
1997,Suzuki,DETAIL,Sidekick,Saturn Black Metallic,0DG,#121713,En-US
1997,Suzuki,DETAIL,Sidekick,Scuba Blue Metallic,Y29,#1B304F,En-US
1997,Suzuki,DETAIL,Sidekick,Subtle Gr. Gray Metallic,Y45,#B3A699,En-US
1997,Suzuki,DETAIL,Sidekick,Super Graft Metallic,Z05,#7D136F,En-US
1997,Suzuki,DETAIL,Sidekick,Superior White,26U,#FEFDF6,En-US
1997,Suzuki,DETAIL,Sidekick,Victory Red,Z07,#A72415,En-US
1997,Suzuki,DETAIL,Sidekick,Warm Silver Metallic,Y26,#979477,En-US
1997,Suzuki,DETAIL,Swift,Bright Azurite Metallic,Z0B,#26969A,En-US
1997,Suzuki,DETAIL,Swift,Bright Teal Metallic,Z06,#1D958B,En-US
1997,Suzuki,DETAIL,Swift,Medium Blue Metallic,Y05,#6D84AB,En-US
1997,Suzuki,DETAIL,Swift,Superior White,26U,#FEFDF6,En-US
1997,Suzuki,DETAIL,Swift,Victory Red,Z07,#A72415,En-US
1997,Suzuki,DETAIL,X-90,Antares Red,Y28,#A82820,En-US
1997,Suzuki,DETAIL,X-90,Aqua Green Metallic,Z01,#22B6AA,En-US
1997,Suzuki,DETAIL,X-90,Mercury Silver Metallic,1VN,#BFC3C7,En-US
1997,Suzuki,DETAIL,X-90,Reddish Blue Metallic,Y31,#4D3D89,En-US
1997,Suzuki,DETAIL,X-90,Saturn Black Metallic,0DG,#121713,En-US
1997,Toyota,DETAIL,4Runner,Black,202,#0A1A10,En-US
1997,Toyota,DETAIL,4Runner,Dark Blue Pearl Metallic,8L7,#211171,En-US
1997,Toyota,DETAIL,4Runner,Dark Brown Gray Pearl Metallic,1A1,#6F5A43,En-US
1997,Toyota,DETAIL,4Runner,Dark Grey Metallic  (Also Cladding),156,#4E594B,En-US
1997,Toyota,DETAIL,4Runner,Dark Teal Green Pearl Metallic,751,#3F8172,En-US
1997,Toyota,DETAIL,4Runner,Gray Purple Pearl Metallic,926,#A9ABB1,En-US
1997,Toyota,DETAIL,4Runner,Light Blue Pearl Metallic,8L6,#6C86B2,En-US
1997,Toyota,DETAIL,4Runner,Radiant Red,3L5,#BA231F,En-US
1997,Toyota,DETAIL,4Runner,Red Pearl,3K4,#CC242C,En-US
1997,Toyota,DETAIL,4Runner,Silver Metallic  (Cladding Color),181,#B9B6B5,En-US
1997,Toyota,DETAIL,4Runner,Warm Gray Metallic,1A5,#B1ADA1,En-US
1997,Toyota,DETAIL,4Runner,White,56,#EDECE5,En-US
1997,Toyota,DETAIL,Avalon,Beige Metallic,4M9,#C5AD87,En-US
1997,Toyota,DETAIL,Avalon,Black,202,#0A1A10,En-US
1997,Toyota,DETAIL,Avalon,Dark Blue Pearl Metallic,8L3,#281B67,En-US
1997,Toyota,DETAIL,Avalon,Dark Teal Green Pearl Metallic,751,#3F8172,En-US
1997,Toyota,DETAIL,Avalon,Light Beige Opal Metallic,4N5,#A8A39A,En-US
1997,Toyota,DETAIL,Avalon,Magenta Pearl,3L3,#A23655,En-US
1997,Toyota,DETAIL,Avalon,Shadow Plum Pearl,927,#766A62,En-US
1997,Toyota,DETAIL,Avalon,Silver Spruce Metallic,6M3,#AFC9BA,En-US
1997,Toyota,DETAIL,Avalon,Super White 2,40,#FDFDF7,En-US
1997,Toyota,DETAIL,Avalon,White Pearl Tri-coat,51,#FAFCEE,En-US
1997,Toyota,DETAIL,Camry,Beige Metallic,4M9,#C5AD87,En-US
1997,Toyota,DETAIL,Camry,Black,202,#0A1A10,En-US
1997,Toyota,DETAIL,Camry,Dark Blue Pearl Metallic,8L3,#281B67,En-US
1997,Toyota,DETAIL,Camry,Dark Green Pearl Metallic,6P2,#05611F,En-US
1997,Toyota,DETAIL,Camry,Gray Pearl Metallic,1B2,#93927B,En-US
1997,Toyota,DETAIL,Camry,Gray Purple Pearl Metallic,930,#6A757C,En-US
1997,Toyota,DETAIL,Camry,Light Purple Opal Metallic,931,#BAB5C3,En-US
1997,Toyota,DETAIL,Camry,Magenta Pearl,3L3,#A23655,En-US
1997,Toyota,DETAIL,Camry,Oyster Pearl  (Cladding Color),4M7,#DEE5C3,En-US
1997,Toyota,DETAIL,Camry,Red Pearl,3K4,#CC242C,En-US
1997,Toyota,DETAIL,Camry,Super White 2,40,#FDFDF7,En-US
1997,Toyota,DETAIL,Camry,White Pearl Tri-coat,51,#FAFCEE,En-US
1997,Toyota,DETAIL,Celica,Black,202,#0A1A10,En-US
1997,Toyota,DETAIL,Celica,Dark Bluish Gray Metallic,183,#1F2D30,En-US
1997,Toyota,DETAIL,Celica,Orange Pearl Tri-Coat,3K6,#B70F27,En-US
1997,Toyota,DETAIL,Celica,Purple Opal Metallic,933,#563892,En-US
1997,Toyota,DETAIL,Celica,Silver Metallic,199,#D8D1C6,En-US
1997,Toyota,DETAIL,Celica,Super Red,3L2,#991F19,En-US
1997,Toyota,DETAIL,Celica,Super White 2,40,#FDFDF7,En-US
1997,Toyota,DETAIL,Celica,Topaz Metallic  (Cladding Color),1A2,#C0AF9A,En-US
1997,Toyota,DETAIL,Celica,Turquoise Pearl Metallic,756,#337F5C,En-US
1997,Toyota,DETAIL,Corolla,Beige Metallic,4M9,#C5AD87,En-US
1997,Toyota,DETAIL,Corolla,Black Metallic,205,#15170F,En-US
1997,Toyota,DETAIL,Corolla,Dark Blue Pearl,8K8,#0C3C6C,En-US
1997,Toyota,DETAIL,Corolla,Dark Green Pearl,6M1,#367C54,En-US
1997,Toyota,DETAIL,Corolla,Green Pearl Metallic,6P5,#077F42,En-US
1997,Toyota,DETAIL,Corolla,Lavender Metallic,932,#ACA7AF,En-US
1997,Toyota,DETAIL,Corolla,Red Pearl,3K4,#CC242C,En-US
1997,Toyota,DETAIL,Corolla,Super Red,3.00E+05,#BB231C,En-US
1997,Toyota,DETAIL,Corolla,Super White 2,40,#FDFDF7,En-US
1997,Toyota,DETAIL,Land Cruiser,Black,202,#0A1A10,En-US
1997,Toyota,DETAIL,Land Cruiser,Dark Blue Pearl Metallic,8K0,#406A8E,En-US
1997,Toyota,DETAIL,Land Cruiser,Dark Green Pearl,6M1,#367C54,En-US
1997,Toyota,DETAIL,Land Cruiser,Gray  Metallic,1A6,#81877D,En-US
1997,Toyota,DETAIL,Land Cruiser,Red Pearl,3H4,#AB2D33,En-US
1997,Toyota,DETAIL,Land Cruiser,Warm Gray Metallic,1A5,#B1ADA1,En-US
1997,Toyota,DETAIL,Land Cruiser,White,45,#F6FFE6,En-US
1997,Toyota,DETAIL,Paseo,Black Metallic,205,#15170F,En-US
1997,Toyota,DETAIL,Paseo,Bluish Silver Metallic,1A0,#BABDC2,En-US
1997,Toyota,DETAIL,Paseo,Bright Iris Pearl,8K9,#A28DD7,En-US
1997,Toyota,DETAIL,Paseo,Red Pearl Metallic,3L9,#C32D54,En-US
1997,Toyota,DETAIL,Paseo,Sierra Green Pearl Metallic,6N7,#46887C,En-US
1997,Toyota,DETAIL,Paseo,Super Red,3.00E+05,#BB231C,En-US
1997,Toyota,DETAIL,Paseo,Super White 2,40,#FDFDF7,En-US
1997,Toyota,DETAIL,Paseo,Turquoise Pearl Metallic,756,#337F5C,En-US
1997,Toyota,DETAIL,Previa,Beige Metallic,4K9,#CDC6B9,En-US
1997,Toyota,DETAIL,Previa,Dark Bluish Grey Metallic,191,#727E7E,En-US
1997,Toyota,DETAIL,Previa,Dark Purple Pearl,936,#30127E,En-US
1997,Toyota,DETAIL,Previa,Dark Teal Green Pearl Metallic,751,#3F8172,En-US
1997,Toyota,DETAIL,Previa,Green Metallic,6P9,#93AF89,En-US
1997,Toyota,DETAIL,Previa,Super Red Tri-Coat,3J7,#B70F27,En-US
1997,Toyota,DETAIL,Previa,Warm Gray Pearl,193,#DBC49D,En-US
1997,Toyota,DETAIL,Previa,White,41,#F9FCF7,En-US
1997,Toyota,DETAIL,RAV4,Black,202,#0A1A10,En-US
1997,Toyota,DETAIL,RAV4,Bright Blue Metallic,8K4,#4A61B6,En-US
1997,Toyota,DETAIL,RAV4,Dark Green Pearl Metallic,6N5,#1D571D,En-US
1997,Toyota,DETAIL,RAV4,Dark Purple Blue Pearl Metallic,8K5,#1A0664,En-US
1997,Toyota,DETAIL,RAV4,Lavender Pearl Metallic,925,#948494,En-US
1997,Toyota,DETAIL,RAV4,Light Aqua Opal Pearl,748,#95BBA1,En-US
1997,Toyota,DETAIL,RAV4,Red,3.00E+06,#B42110,En-US
1997,Toyota,DETAIL,RAV4,Silver Metallic,199,#D8D1C6,En-US
1997,Toyota,DETAIL,RAV4,White,56,#EDECE5,En-US
1997,Toyota,DETAIL,RAV4,Wine Red Pearl,3J8,#B22C45,En-US
1997,Toyota,DETAIL,Supra,Black,202,#0A1A10,En-US
1997,Toyota,DETAIL,Supra,Blue Pearl Metallic,8L5,#232FA3,En-US
1997,Toyota,DETAIL,Supra,Dark Brown Gray Pearl Metallic,1A1,#6F5A43,En-US
1997,Toyota,DETAIL,Supra,Dark Green Pearl Metallic,6P3,#056924,En-US
1997,Toyota,DETAIL,Supra,Silver Metallic,199,#D8D1C6,En-US
1997,Toyota,DETAIL,Supra,Super Red,3L2,#991F19,En-US
1997,Toyota,DETAIL,Supra,Super White 2,40,#FDFDF7,En-US
1997,Toyota,DETAIL,T100,Black,202,#0A1A10,En-US
1997,Toyota,DETAIL,T100,Blue Metallic,8B6,#428AC6,En-US
1997,Toyota,DETAIL,T100,Blue Pearl Metallic,8.00E+03,#6F93B1,En-US
1997,Toyota,DETAIL,T100,Gray Pearl Metallic  (Cladding),196,#A49D94,En-US
1997,Toyota,DETAIL,T100,Medium Green Pearl Metallic,6P0,#75A784,En-US
1997,Toyota,DETAIL,T100,Red,3H7,#A9231A,En-US
1997,Toyota,DETAIL,T100,Red Pearl,3K4,#CC242C,En-US
1997,Toyota,DETAIL,T100,Sierra Green Pearl Metallic,6N7,#46887C,En-US
1997,Toyota,DETAIL,T100,White,45,#F6FFE6,En-US
1997,Toyota,DETAIL,Tacoma,Beige Metallic,4M4,#C5AD87,En-US
1997,Toyota,DETAIL,Tacoma,Black Metallic,204,#0A1A10,En-US
1997,Toyota,DETAIL,Tacoma,Cobalt Blue Pearl,8K6,#3D42A1,En-US
1997,Toyota,DETAIL,Tacoma,Dark Teal Green Pearl Metallic,751,#3F8172,En-US
1997,Toyota,DETAIL,Tacoma,Gray Purple Pearl Metallic,926,#A9ABB1,En-US
1997,Toyota,DETAIL,Tacoma,Paradise Blue Metallic,754,#1E9493,En-US
1997,Toyota,DETAIL,Tacoma,Red,3H7,#A9231A,En-US
1997,Toyota,DETAIL,Tacoma,Red Pearl,3K4,#CC242C,En-US
1997,Toyota,DETAIL,Tacoma,White,45,#F6FFE6,En-US
1997,Toyota,DETAIL,Tercel,Bluish Silver Metallic,1A0,#BABDC2,En-US
1997,Toyota,DETAIL,Tercel,Dark Blue Pearl Metallic,8L3,#281B67,En-US
1997,Toyota,DETAIL,Tercel,Green Pearl Metallic,6P6,#78C25E,En-US
1997,Toyota,DETAIL,Tercel,Light Purple Blue Pearl Metallic,8K1,#B6CBDA,En-US
1997,Toyota,DETAIL,Tercel,Red Pearl Metallic,3L9,#C32D54,En-US
1997,Toyota,DETAIL,Tercel,Sierra Green Pearl Metallic,6N7,#46887C,En-US
1997,Toyota,DETAIL,Tercel,Super Red,3.00E+05,#BB231C,En-US
1997,Toyota,DETAIL,Tercel,Super White 2,40,#FDFDF7,En-US
1997,Volkswagen,DETAIL,Cabrio,Black,L041/A1,#000000,En-US
1997,Volkswagen,DETAIL,Cabrio,Candy White,LB9A/B4,#FCFCFE,En-US
1997,Volkswagen,DETAIL,Cabrio,Memory Red Pearl,LC3M/X7,#BF1F23,En-US
1997,Volkswagen,DETAIL,Cabrio,Sequoia Green Metallic,LG6S/L2,#257F47,En-US
1997,Volkswagen,DETAIL,Cabrio,Tornado Red,LY3D/G2,#C21212,En-US
1997,Volkswagen,DETAIL,Cabrio,Windsor Blue Metallic,LG5R/WS,#090961,En-US
1997,Volkswagen,DETAIL,Eurovan,Arctic White,R902/T7,#F4FFE6,En-US
1997,Volkswagen,DETAIL,Eurovan,Black Magic Pearl,LC9Z/Z4,#111D1B,En-US
1997,Volkswagen,DETAIL,Eurovan,Emerald Green Pearl,LC6P/W7,#09B34D,En-US
1997,Volkswagen,DETAIL,Eurovan,Hot Chili Red Pearl,LC3L/E1,#9D192F,En-US
1997,Volkswagen,DETAIL,Eurovan,Island Blue Metallic,LL5Z/E9,#234A8B,En-US
1997,Volkswagen,DETAIL,Eurovan,Paprika Red,LK3A/H7,#8F2424,En-US
1997,Volkswagen,DETAIL,Eurovan,Silver Gray Metallic,LD7V/C1,#C0C0C0,En-US
1997,Volkswagen,DETAIL,Jetta,Black,L041/A1,#000000,En-US
1997,Volkswagen,DETAIL,Jetta,Candy White,LB9A/B4,#FCFCFE,En-US
1997,Volkswagen,DETAIL,Jetta,Memory Red Pearl,LC3M/X7,#BF1F23,En-US
1997,Volkswagen,DETAIL,Jetta,Sequoia Green Metallic,LG6S/L2,#257F47,En-US
1997,Volkswagen,DETAIL,Jetta,Suede Silver Metallic,LG7X/A7,#B8B7A8,En-US
1997,Volkswagen,DETAIL,Jetta,Tornado Red,LY3D/G2,#C21212,En-US
1997,Volkswagen,DETAIL,Jetta,Windsor Blue Metallic,LG5R/WS,#090961,En-US
1997,Volkswagen,DETAIL,Passat,Black Magic Pearl,LC9Z/Z4,#111D1B,En-US
1997,Volkswagen,DETAIL,Passat,Candy White,LB9A/B4,#FCFCFE,En-US
1997,Volkswagen,DETAIL,Passat,Emerald Green Pearl,LC6P/W7,#09B34D,En-US
1997,Volkswagen,DETAIL,Passat,Indian Red Pearl,LC3T/Y8,#BD322F,En-US
1997,Volkswagen,DETAIL,Passat,Satin Silver Metallic,LB7Z/X1,#CDD5D2,En-US
1997,Volkswagen,DETAIL,Passat,Storm Gray Metallic,LG7Y/M9,#747D73,En-US
1997,Volkswagen,DETAIL,Passat,Tornado Red,LY3D/G2,#C21212,En-US
1997,Volkswagen,DETAIL,Passat,Windsor Blue Pearl Metallic,LN5Y/J8,#5B789F,En-US
1997,Volvo,DETAIL,850,Aqua Pearl,431,#60898C,En-US
1997,Volvo,DETAIL,850,Autumn Gold Pearl Metallic,423,#B3542F,En-US
1997,Volvo,DETAIL,850,Black,19,#151618,En-US
1997,Volvo,DETAIL,850,Classic Red,601,#C72D29,En-US
1997,Volvo,DETAIL,850,Dark Olive Pearl,421,#084E18,En-US
1997,Volvo,DETAIL,850,Green-Blue Metallic,412,#429695,En-US
1997,Volvo,DETAIL,850,Grey Pearl Metallic,427,#5E6170,En-US
1997,Volvo,DETAIL,850,Midnight Blue,604,#0E3360,En-US
1997,Volvo,DETAIL,850,Nautic Blue Pearl,417,#183C60,En-US
1997,Volvo,DETAIL,850,Red,609,#DE2B22,En-US
1997,Volvo,DETAIL,850,Silver Metallic,426,#979FA1,En-US
1997,Volvo,DETAIL,850,Silver Sand Metallic,419,#CEC4B2,En-US
1997,Volvo,DETAIL,850,Turbo Red Pearl,418,#C91936,En-US
1997,Volvo,DETAIL,850,Turquoise Pearl Metallic,422,#207C84,En-US
1997,Volvo,DETAIL,850,White,189,#EAF4E3,En-US
1997,Volvo,DETAIL,960,Aqua Pearl,431,#60898C,En-US
1997,Volvo,DETAIL,960,Black,19,#151618,En-US
1997,Volvo,DETAIL,960,Blackberry Wine Pearl,433,#40165E,En-US
1997,Volvo,DETAIL,960,Champagne Metallic,425,#C9BE7F,En-US
1997,Volvo,DETAIL,960,Dark Olive Pearl,421,#084E18,En-US
1997,Volvo,DETAIL,960,Green-Blue Metallic,412,#429695,En-US
1997,Volvo,DETAIL,960,Grey Pearl Metallic,427,#5E6170,En-US
1997,Volvo,DETAIL,960,Midnight Blue,604,#0E3360,En-US
1997,Volvo,DETAIL,960,Nautic Blue Pearl,417,#183C60,En-US
1997,Volvo,DETAIL,960,Silver Metallic,426,#979FA1,En-US
1997,Volvo,DETAIL,960,Silver Sand Metallic,419,#CEC4B2,En-US
1997,Volvo,DETAIL,960,Turbo Red Pearl,418,#C91936,En-US
1997,Volvo,DETAIL,960,White,189,#EAF4E3,En-US
